01,79210044182,20230511161833,20230511171819,06,100,300,0.0,1.0,true,true
02,79210044182,20230511235849,20230512005032,06,100,300,0.0,1.0,true,true
01,79210044182,20230511122707,20230511130819,06,100,300,0.0,1.0,true,true
02,79210044182,20230520131616,20230520135443,06,100,300,0.0,1.0,true,true
01,79210044182,20230513120136,20230513125639,06,100,300,0.0,1.0,true,true
02,79210044182,20230511064913,20230511073047,06,100,300,0.0,1.0,true,true
01,79210044182,20230511174348,20230511184055,06,100,300,0.0,1.0,true,true
01,79210044182,20230512081753,20230512083528,06,100,300,0.0,1.0,true,true
02,79210044182,20230529121550,20230529124840,06,100,300,0.0,1.0,true,true
02,79210044182,20230523061437,20230523062602,06,100,300,0.0,1.0,true,true
02,79210044182,20230509124515,20230509133705,06,100,300,0.0,1.0,true,true
01,79210044182,20230524051703,20230524060627,06,100,300,0.0,1.0,true,true
01,79210044182,20230521080035,20230521083653,06,100,300,0.0,1.0,true,true
01,79210044182,20230530040757,20230530045719,06,100,300,0.0,1.0,true,true
02,79210044182,20230519054636,20230519055441,06,100,300,0.0,1.0,true,true
01,79210044182,20230525234240,20230526001131,06,100,300,0.0,1.0,true,true
01,79210044182,20230517204424,20230517212850,06,100,300,0.0,1.0,true,true
01,79210044182,20230508035128,20230508040517,06,100,300,0.0,1.0,true,true
01,79210044182,20230515174256,20230515183748,06,100,300,0.0,1.0,true,true
01,79210044182,20230511085720,20230511090015,06,100,300,0.0,1.0,true,true
01,79210044182,20230510051107,20230510060712,06,100,300,0.0,1.0,true,true
01,79210044182,20230527133524,20230527143041,06,100,300,0.0,1.0,true,true
01,79210044182,20230528120929,20230528122008,06,100,300,0.0,1.0,true,true
01,79210044182,20230505151213,20230505152637,06,100,300,0.0,1.0,true,true
01,79210044182,20230521133816,20230521134603,06,100,300,0.0,1.0,true,true
02,79210044182,20230519085222,20230519093505,06,100,300,0.0,1.0,true,true
01,79210044182,20230518184726,20230518192809,06,100,300,0.0,1.0,true,true
02,79210044182,20230529211700,20230529213306,06,100,300,0.0,1.0,true,true
02,79210044182,20230514001029,20230514003155,06,100,300,0.0,1.0,true,true
01,79210044182,20230526113545,20230526123204,06,100,300,0.0,1.0,true,true
02,79210044182,20230519005456,20230519010810,06,100,300,0.0,1.0,true,true
01,79210044182,20230516041929,20230516044541,06,100,300,0.0,1.0,true,true
02,79210044182,20230524164842,20230524174501,06,100,300,0.0,1.0,true,true
02,79210044182,20230517204012,20230517211807,06,100,300,0.0,1.0,true,true
02,79210044182,20230514025210,20230514034732,06,100,300,0.0,1.0,true,true
02,79210044182,20230526224242,20230526230200,06,100,300,0.0,1.0,true,true
02,79210044182,20230503183949,20230503191501,06,100,300,0.0,1.0,true,true
02,79210044182,20230530153125,20230530162857,06,100,300,0.0,1.0,true,true
01,79210044182,20230529053820,20230529053838,06,100,300,0.0,1.0,true,true
01,79210044182,20230529073247,20230529082553,06,100,300,0.0,1.0,true,true
02,79210044182,20230509043012,20230509043550,06,100,300,0.0,1.0,true,true
01,79210044245,20230505130548,20230505135906,11,0,100,0.5,1.5,false,true
02,79210044245,20230516034140,20230516042651,11,0,100,0.5,1.5,false,true
02,79210044245,20230517234917,20230518000528,11,0,100,0.5,1.5,false,true
01,79210044245,20230527154105,20230527155450,11,0,100,0.5,1.5,false,true
01,79210044245,20230503060201,20230503062257,11,0,100,0.5,1.5,false,true
01,79210044245,20230521052856,20230521061442,11,0,100,0.5,1.5,false,true
01,79210044245,20230522225649,20230522231024,11,0,100,0.5,1.5,false,true
02,79210044245,20230519075233,20230519082345,11,0,100,0.5,1.5,false,true
01,79210044245,20230518121323,20230518131016,11,0,100,0.5,1.5,false,true
01,79210044245,20230507205531,20230507210230,11,0,100,0.5,1.5,false,true
02,79210044245,20230522131104,20230522134348,11,0,100,0.5,1.5,false,true
01,79210044245,20230506023013,20230506023021,11,0,100,0.5,1.5,false,true
02,79210044245,20230526142042,20230526150233,11,0,100,0.5,1.5,false,true
02,79210044245,20230502021045,20230502023105,11,0,100,0.5,1.5,false,true
01,79210044245,20230506141059,20230506144940,11,0,100,0.5,1.5,false,true
02,79210044245,20230525213334,20230525223002,11,0,100,0.5,1.5,false,true
02,79210044245,20230527222719,20230527230321,11,0,100,0.5,1.5,false,true
01,79210044245,20230522132510,20230522134715,11,0,100,0.5,1.5,false,true
02,79210044245,20230527161822,20230527164922,11,0,100,0.5,1.5,false,true
01,79210044245,20230517015556,20230517021322,11,0,100,0.5,1.5,false,true
02,79210044245,20230530155339,20230530162324,11,0,100,0.5,1.5,false,true
02,79210044245,20230511190037,20230511195950,11,0,100,0.5,1.5,false,true
02,79210044245,20230501024025,20230501032745,11,0,100,0.5,1.5,false,true
01,79210044245,20230505052825,20230505053159,11,0,100,0.5,1.5,false,true
01,79210044245,20230519140522,20230519145544,11,0,100,0.5,1.5,false,true
01,79210044245,20230503085116,20230503091254,11,0,100,0.5,1.5,false,true
01,79210044245,20230530182539,20230530185523,11,0,100,0.5,1.5,false,true
01,79210044245,20230529220856,20230529222435,11,0,100,0.5,1.5,false,true
01,79210044245,20230510190351,20230510192150,11,0,100,0.5,1.5,false,true
01,79210044245,20230517043739,20230517051829,11,0,100,0.5,1.5,false,true
01,79210044245,20230501090809,20230501100033,11,0,100,0.5,1.5,false,true
02,79210044245,20230522093101,20230522094717,11,0,100,0.5,1.5,false,true
01,79210044245,20230516205853,20230516211727,11,0,100,0.5,1.5,false,true
02,79210044245,20230527093542,20230527094902,11,0,100,0.5,1.5,false,true
02,79210044245,20230520145430,20230520151820,11,0,100,0.5,1.5,false,true
02,79210044245,20230502022933,20230502030814,11,0,100,0.5,1.5,false,true
01,79210044245,20230523221828,20230523222205,11,0,100,0.5,1.5,false,true
01,79210044245,20230527174040,20230527182018,11,0,100,0.5,1.5,false,true
01,79210044245,20230502131918,20230502134856,11,0,100,0.5,1.5,false,true
01,79210044245,20230520135942,20230520144141,11,0,100,0.5,1.5,false,true
01,79210044245,20230530014843,20230530015733,11,0,100,0.5,1.5,false,true
02,79210043237,20230504212732,20230504222117,11,0,100,0.5,1.5,false,true
01,79210043237,20230520020217,20230520024717,11,0,100,0.5,1.5,false,true
01,79210043237,20230508020009,20230508024751,11,0,100,0.5,1.5,false,true
02,79210043237,20230512151010,20230512155609,11,0,100,0.5,1.5,false,true
01,79210043237,20230530025206,20230530031855,11,0,100,0.5,1.5,false,true
01,79210043237,20230523071108,20230523072007,11,0,100,0.5,1.5,false,true
02,79210043237,20230508223452,20230508225821,11,0,100,0.5,1.5,false,true
01,79210043237,20230525175700,20230525183602,11,0,100,0.5,1.5,false,true
02,79210043237,20230520131739,20230520133459,11,0,100,0.5,1.5,false,true
01,79210043237,20230517221804,20230517222208,11,0,100,0.5,1.5,false,true
01,79210043237,20230518134531,20230518141148,11,0,100,0.5,1.5,false,true
02,79210043237,20230516063811,20230516071344,11,0,100,0.5,1.5,false,true
01,79210043237,20230529234133,20230529234850,11,0,100,0.5,1.5,false,true
02,79210043237,20230513130046,20230513130553,11,0,100,0.5,1.5,false,true
02,79210043237,20230522201148,20230522203635,11,0,100,0.5,1.5,false,true
01,79210043237,20230518163739,20230518172559,11,0,100,0.5,1.5,false,true
01,79210043237,20230514035247,20230514041345,11,0,100,0.5,1.5,false,true
02,79210043237,20230522120230,20230522122708,11,0,100,0.5,1.5,false,true
01,79210043237,20230505104502,20230505110338,11,0,100,0.5,1.5,false,true
02,79210043237,20230523215445,20230523224429,11,0,100,0.5,1.5,false,true
02,79210043237,20230515115522,20230515123324,11,0,100,0.5,1.5,false,true
01,79210043237,20230516200535,20230516204555,11,0,100,0.5,1.5,false,true
02,79210043237,20230515234956,20230515235439,11,0,100,0.5,1.5,false,true
01,79210043237,20230513223733,20230513233209,11,0,100,0.5,1.5,false,true
02,79210043237,20230527105332,20230527111229,11,0,100,0.5,1.5,false,true
02,79210043237,20230501152452,20230501154226,11,0,100,0.5,1.5,false,true
01,79210043237,20230514050034,20230514053352,11,0,100,0.5,1.5,false,true
01,79210043237,20230517162439,20230517165941,11,0,100,0.5,1.5,false,true
02,79210043237,20230517124645,20230517132403,11,0,100,0.5,1.5,false,true
02,79210043237,20230521153815,20230521162249,11,0,100,0.5,1.5,false,true
01,79210043237,20230507203901,20230507204050,11,0,100,0.5,1.5,false,true
01,79210043237,20230515205948,20230515214641,11,0,100,0.5,1.5,false,true
01,79210043237,20230528094723,20230528095002,11,0,100,0.5,1.5,false,true
01,79210043237,20230529053639,20230529060234,11,0,100,0.5,1.5,false,true
02,79210043237,20230516103525,20230516113042,11,0,100,0.5,1.5,false,true
02,79210043237,20230503212809,20230503215603,11,0,100,0.5,1.5,false,true
01,79210043237,20230523083613,20230523085529,11,0,100,0.5,1.5,false,true
01,79210043237,20230508144343,20230508151624,11,0,100,0.5,1.5,false,true
02,79210043237,20230505234722,20230506004708,11,0,100,0.5,1.5,false,true
02,79210043237,20230507223645,20230507224355,11,0,100,0.5,1.5,false,true
02,79210043237,20230527154413,20230527161759,11,0,100,0.5,1.5,false,true
01,79210043285,20230517073354,20230517075521,03,0,0,0.0,1.5,true,true
02,79210043285,20230517201011,20230517204418,03,0,0,0.0,1.5,true,true
01,79210043285,20230510100400,20230510101940,03,0,0,0.0,1.5,true,true
01,79210043285,20230526101457,20230526101526,03,0,0,0.0,1.5,true,true
01,79210043285,20230525050843,20230525052452,03,0,0,0.0,1.5,true,true
02,79210043285,20230503230059,20230503230427,03,0,0,0.0,1.5,true,true
02,79210043285,20230527080044,20230527084415,03,0,0,0.0,1.5,true,true
01,79210043285,20230502062055,20230502062232,03,0,0,0.0,1.5,true,true
01,79210043285,20230509054149,20230509054738,03,0,0,0.0,1.5,true,true
01,79210043285,20230512224308,20230512225605,03,0,0,0.0,1.5,true,true
01,79210043285,20230514221403,20230514224547,03,0,0,0.0,1.5,true,true
01,79210043285,20230509200350,20230509203209,03,0,0,0.0,1.5,true,true
01,79210043285,20230510003249,20230510012933,03,0,0,0.0,1.5,true,true
02,79210043285,20230503001745,20230503005820,03,0,0,0.0,1.5,true,true
02,79210043285,20230527003110,20230527010141,03,0,0,0.0,1.5,true,true
02,79210043285,20230502071849,20230502073052,03,0,0,0.0,1.5,true,true
01,79210043285,20230506230214,20230506234326,03,0,0,0.0,1.5,true,true
01,79210043285,20230511213422,20230511215407,03,0,0,0.0,1.5,true,true
02,79210043285,20230503052154,20230503055016,03,0,0,0.0,1.5,true,true
02,79210043285,20230524162957,20230524165829,03,0,0,0.0,1.5,true,true
02,79210043285,20230523212743,20230523221927,03,0,0,0.0,1.5,true,true
01,79210043285,20230526052840,20230526053059,03,0,0,0.0,1.5,true,true
02,79210043285,20230524231506,20230524234501,03,0,0,0.0,1.5,true,true
01,79210043285,20230518000413,20230518001321,03,0,0,0.0,1.5,true,true
02,79210043285,20230524063429,20230524063551,03,0,0,0.0,1.5,true,true
02,79210043285,20230513084600,20230513092644,03,0,0,0.0,1.5,true,true
02,79210043285,20230508001738,20230508011422,03,0,0,0.0,1.5,true,true
01,79210043285,20230513204123,20230513205308,03,0,0,0.0,1.5,true,true
02,79210043285,20230510115949,20230510122345,03,0,0,0.0,1.5,true,true
01,79210043285,20230524050129,20230524050705,03,0,0,0.0,1.5,true,true
01,79210043285,20230518072537,20230518075250,03,0,0,0.0,1.5,true,true
02,79210043285,20230507110907,20230507114207,03,0,0,0.0,1.5,true,true
02,79210043285,20230528163348,20230528163946,03,0,0,0.0,1.5,true,true
01,79210043285,20230521091918,20230521095148,03,0,0,0.0,1.5,true,true
01,79210043285,20230508175244,20230508180154,03,0,0,0.0,1.5,true,true
02,79210043285,20230518143849,20230518144831,03,0,0,0.0,1.5,true,true
01,79210043285,20230530135720,20230530143008,03,0,0,0.0,1.5,true,true
02,79210043285,20230504131633,20230504135254,03,0,0,0.0,1.5,true,true
02,79210043285,20230511202430,20230511205826,03,0,0,0.0,1.5,true,true
01,79210043285,20230503045911,20230503051508,03,0,0,0.0,1.5,true,true
02,79210043285,20230526094815,20230526100207,03,0,0,0.0,1.5,true,true
01,79210043477,20230507192728,20230507202417,11,0,100,0.5,1.5,false,true
01,79210043477,20230514102236,20230514110757,11,0,100,0.5,1.5,false,true
02,79210043477,20230511051123,20230511060438,11,0,100,0.5,1.5,false,true
01,79210043477,20230528045848,20230528052829,11,0,100,0.5,1.5,false,true
01,79210043477,20230523060547,20230523061611,11,0,100,0.5,1.5,false,true
01,79210043477,20230506183836,20230506191835,11,0,100,0.5,1.5,false,true
01,79210043477,20230518211638,20230518213507,11,0,100,0.5,1.5,false,true
02,79210043477,20230519171158,20230519175239,11,0,100,0.5,1.5,false,true
01,79210043477,20230503211330,20230503215741,11,0,100,0.5,1.5,false,true
01,79210043477,20230524192238,20230524201355,11,0,100,0.5,1.5,false,true
01,79210043477,20230518051514,20230518053549,11,0,100,0.5,1.5,false,true
02,79210043477,20230512052111,20230512061723,11,0,100,0.5,1.5,false,true
02,79210043477,20230523105635,20230523112942,11,0,100,0.5,1.5,false,true
02,79210043477,20230506082401,20230506090928,11,0,100,0.5,1.5,false,true
02,79210043477,20230523095911,20230523100254,11,0,100,0.5,1.5,false,true
02,79210043477,20230511180136,20230511180422,11,0,100,0.5,1.5,false,true
02,79210043477,20230510202335,20230510211142,11,0,100,0.5,1.5,false,true
01,79210043477,20230526095422,20230526095801,11,0,100,0.5,1.5,false,true
02,79210043477,20230509195147,20230509203709,11,0,100,0.5,1.5,false,true
02,79210043477,20230504013008,20230504014615,11,0,100,0.5,1.5,false,true
01,79210043477,20230511034510,20230511044317,11,0,100,0.5,1.5,false,true
01,79210043477,20230522160337,20230522164910,11,0,100,0.5,1.5,false,true
02,79210043477,20230517062135,20230517071256,11,0,100,0.5,1.5,false,true
01,79210043477,20230520235549,20230521002409,11,0,100,0.5,1.5,false,true
01,79210043477,20230519152719,20230519152825,11,0,100,0.5,1.5,false,true
01,79210043477,20230524195248,20230524203135,11,0,100,0.5,1.5,false,true
01,79210043477,20230528200625,20230528204945,11,0,100,0.5,1.5,false,true
01,79210043477,20230521011702,20230521021209,11,0,100,0.5,1.5,false,true
01,79210043477,20230519224636,20230519231255,11,0,100,0.5,1.5,false,true
01,79210043477,20230517181501,20230517190832,11,0,100,0.5,1.5,false,true
01,79210043477,20230526184048,20230526192113,11,0,100,0.5,1.5,false,true
02,79210043477,20230501073258,20230501082320,11,0,100,0.5,1.5,false,true
02,79210043477,20230517194236,20230517203521,11,0,100,0.5,1.5,false,true
01,79210043477,20230520205848,20230520210819,11,0,100,0.5,1.5,false,true
02,79210043477,20230527123554,20230527132634,11,0,100,0.5,1.5,false,true
02,79210043477,20230502075614,20230502085105,11,0,100,0.5,1.5,false,true
02,79210043477,20230503114313,20230503115601,11,0,100,0.5,1.5,false,true
02,79210043477,20230512033337,20230512042113,11,0,100,0.5,1.5,false,true
02,79210043477,20230521115447,20230521123451,11,0,100,0.5,1.5,false,true
02,79210043477,20230506163655,20230506164603,11,0,100,0.5,1.5,false,true
02,79210043477,20230502103749,20230502105822,11,0,100,0.5,1.5,false,true
01,79210043510,20230504015812,20230504021518,03,0,0,0.0,1.5,true,true
02,79210043510,20230521195911,20230521203916,03,0,0,0.0,1.5,true,true
01,79210043510,20230513093411,20230513095302,03,0,0,0.0,1.5,true,true
02,79210043510,20230514204037,20230514204903,03,0,0,0.0,1.5,true,true
01,79210043510,20230510064650,20230510071954,03,0,0,0.0,1.5,true,true
02,79210043510,20230503093024,20230503093311,03,0,0,0.0,1.5,true,true
01,79210043510,20230520064514,20230520065230,03,0,0,0.0,1.5,true,true
01,79210043510,20230523163333,20230523165407,03,0,0,0.0,1.5,true,true
02,79210043510,20230505082943,20230505084742,03,0,0,0.0,1.5,true,true
01,79210043510,20230524105222,20230524114955,03,0,0,0.0,1.5,true,true
01,79210043510,20230504073932,20230504082156,03,0,0,0.0,1.5,true,true
01,79210043510,20230513060857,20230513070245,03,0,0,0.0,1.5,true,true
01,79210043510,20230529233659,20230529234300,03,0,0,0.0,1.5,true,true
01,79210043510,20230522073117,20230522081523,03,0,0,0.0,1.5,true,true
02,79210043510,20230510215602,20230510220010,03,0,0,0.0,1.5,true,true
01,79210043510,20230514080458,20230514085645,03,0,0,0.0,1.5,true,true
02,79210043510,20230529112353,20230529121326,03,0,0,0.0,1.5,true,true
02,79210043510,20230505130722,20230505132730,03,0,0,0.0,1.5,true,true
02,79210043510,20230510175026,20230510175225,03,0,0,0.0,1.5,true,true
02,79210043510,20230525215805,20230525223440,03,0,0,0.0,1.5,true,true
01,79210043510,20230517045037,20230517051959,03,0,0,0.0,1.5,true,true
01,79210043510,20230502011759,20230502020141,03,0,0,0.0,1.5,true,true
01,79210043510,20230524192053,20230524194127,03,0,0,0.0,1.5,true,true
02,79210043510,20230515015811,20230515024142,03,0,0,0.0,1.5,true,true
01,79210043510,20230520125221,20230520125530,03,0,0,0.0,1.5,true,true
01,79210043510,20230522094724,20230522094824,03,0,0,0.0,1.5,true,true
02,79210043510,20230506110528,20230506120302,03,0,0,0.0,1.5,true,true
02,79210043510,20230502101115,20230502104649,03,0,0,0.0,1.5,true,true
01,79210043510,20230512035411,20230512043830,03,0,0,0.0,1.5,true,true
02,79210043510,20230507061250,20230507064812,03,0,0,0.0,1.5,true,true
01,79210043510,20230522151607,20230522155536,03,0,0,0.0,1.5,true,true
02,79210043510,20230522055008,20230522062152,03,0,0,0.0,1.5,true,true
02,79210043510,20230505000355,20230505001215,03,0,0,0.0,1.5,true,true
01,79210043510,20230525225658,20230525230341,03,0,0,0.0,1.5,true,true
01,79210043510,20230506024526,20230506032131,03,0,0,0.0,1.5,true,true
01,79210043510,20230530235405,20230531001851,03,0,0,0.0,1.5,true,true
01,79210043510,20230507234534,20230508002240,03,0,0,0.0,1.5,true,true
01,79210043510,20230525072116,20230525080708,03,0,0,0.0,1.5,true,true
02,79210043510,20230507212837,20230507214816,03,0,0,0.0,1.5,true,true
01,79210043510,20230526070706,20230526071208,03,0,0,0.0,1.5,true,true
01,79210043510,20230520122936,20230520123238,03,0,0,0.0,1.5,true,true
02,79210043545,20230516055059,20230516062600,06,100,300,0.0,1.0,true,true
01,79210043545,20230511133123,20230511140702,06,100,300,0.0,1.0,true,true
01,79210043545,20230526084154,20230526094059,06,100,300,0.0,1.0,true,true
02,79210043545,20230515203331,20230515203721,06,100,300,0.0,1.0,true,true
01,79210043545,20230516124117,20230516131313,06,100,300,0.0,1.0,true,true
02,79210043545,20230501085519,20230501091004,06,100,300,0.0,1.0,true,true
02,79210043545,20230501112724,20230501121411,06,100,300,0.0,1.0,true,true
01,79210043545,20230518112234,20230518112615,06,100,300,0.0,1.0,true,true
01,79210043545,20230524024052,20230524025549,06,100,300,0.0,1.0,true,true
02,79210043545,20230520214751,20230520222858,06,100,300,0.0,1.0,true,true
02,79210043545,20230513024640,20230513031130,06,100,300,0.0,1.0,true,true
02,79210043545,20230508235645,20230509004924,06,100,300,0.0,1.0,true,true
02,79210043545,20230506203531,20230506210833,06,100,300,0.0,1.0,true,true
02,79210043545,20230503073646,20230503083032,06,100,300,0.0,1.0,true,true
02,79210043545,20230503172006,20230503172134,06,100,300,0.0,1.0,true,true
01,79210043545,20230525153337,20230525160113,06,100,300,0.0,1.0,true,true
02,79210043545,20230516171039,20230516173502,06,100,300,0.0,1.0,true,true
02,79210043545,20230503220910,20230503221334,06,100,300,0.0,1.0,true,true
01,79210043545,20230523074214,20230523081748,06,100,300,0.0,1.0,true,true
01,79210043545,20230504151824,20230504152148,06,100,300,0.0,1.0,true,true
01,79210043545,20230526125113,20230526133105,06,100,300,0.0,1.0,true,true
01,79210043545,20230530100808,20230530104605,06,100,300,0.0,1.0,true,true
02,79210043545,20230509095531,20230509104851,06,100,300,0.0,1.0,true,true
01,79210043545,20230515203151,20230515203628,06,100,300,0.0,1.0,true,true
01,79210043545,20230529110449,20230529111151,06,100,300,0.0,1.0,true,true
02,79210043545,20230510040300,20230510041643,06,100,300,0.0,1.0,true,true
02,79210043545,20230512221014,20230512223804,06,100,300,0.0,1.0,true,true
01,79210043545,20230515233037,20230516001247,06,100,300,0.0,1.0,true,true
01,79210043545,20230529215114,20230529224341,06,100,300,0.0,1.0,true,true
02,79210043545,20230530104036,20230530113534,06,100,300,0.0,1.0,true,true
02,79210043545,20230503233247,20230504000902,06,100,300,0.0,1.0,true,true
01,79210043545,20230527095922,20230527103626,06,100,300,0.0,1.0,true,true
02,79210043545,20230501171314,20230501174748,06,100,300,0.0,1.0,true,true
02,79210043545,20230509235636,20230510005608,06,100,300,0.0,1.0,true,true
02,79210043545,20230515061014,20230515062736,06,100,300,0.0,1.0,true,true
01,79210043545,20230504184744,20230504185955,06,100,300,0.0,1.0,true,true
01,79210043545,20230502102010,20230502102653,06,100,300,0.0,1.0,true,true
02,79210043545,20230504131147,20230504133941,06,100,300,0.0,1.0,true,true
01,79210043545,20230507062128,20230507062707,06,100,300,0.0,1.0,true,true
01,79210043545,20230508221337,20230508225835,06,100,300,0.0,1.0,true,true
01,79210043545,20230506144106,20230506144300,06,100,300,0.0,1.0,true,true
01,79210043582,20230523160950,20230523165007,03,0,0,0.0,1.5,true,true
01,79210043582,20230516100510,20230516105913,03,0,0,0.0,1.5,true,true
02,79210043582,20230510143130,20230510151346,03,0,0,0.0,1.5,true,true
02,79210043582,20230527222059,20230527225730,03,0,0,0.0,1.5,true,true
01,79210043582,20230524163258,20230524173102,03,0,0,0.0,1.5,true,true
02,79210043582,20230501230747,20230501234010,03,0,0,0.0,1.5,true,true
01,79210043582,20230522073016,20230522073628,03,0,0,0.0,1.5,true,true
02,79210043582,20230511080157,20230511083342,03,0,0,0.0,1.5,true,true
02,79210043582,20230529181401,20230529191005,03,0,0,0.0,1.5,true,true
01,79210043582,20230515212914,20230515215113,03,0,0,0.0,1.5,true,true
02,79210043582,20230504032145,20230504032556,03,0,0,0.0,1.5,true,true
02,79210043582,20230518083904,20230518085043,03,0,0,0.0,1.5,true,true
01,79210043582,20230524111518,20230524120248,03,0,0,0.0,1.5,true,true
02,79210043582,20230518182830,20230518185005,03,0,0,0.0,1.5,true,true
01,79210043582,20230530175629,20230530181854,03,0,0,0.0,1.5,true,true
01,79210043582,20230525141415,20230525145627,03,0,0,0.0,1.5,true,true
02,79210043582,20230501021625,20230501024821,03,0,0,0.0,1.5,true,true
01,79210043582,20230502224830,20230502233154,03,0,0,0.0,1.5,true,true
02,79210043582,20230510171303,20230510175353,03,0,0,0.0,1.5,true,true
01,79210043582,20230502183247,20230502185551,03,0,0,0.0,1.5,true,true
02,79210043582,20230513185624,20230513185754,03,0,0,0.0,1.5,true,true
02,79210043582,20230520180834,20230520185822,03,0,0,0.0,1.5,true,true
02,79210043582,20230509090124,20230509092857,03,0,0,0.0,1.5,true,true
02,79210043582,20230521102235,20230521104220,03,0,0,0.0,1.5,true,true
02,79210043582,20230521001535,20230521005403,03,0,0,0.0,1.5,true,true
01,79210043582,20230527190841,20230527191749,03,0,0,0.0,1.5,true,true
01,79210043582,20230516140908,20230516145007,03,0,0,0.0,1.5,true,true
02,79210043582,20230523122357,20230523130032,03,0,0,0.0,1.5,true,true
02,79210043582,20230526230059,20230526234337,03,0,0,0.0,1.5,true,true
02,79210043582,20230520121734,20230520131621,03,0,0,0.0,1.5,true,true
02,79210043582,20230502164013,20230502172934,03,0,0,0.0,1.5,true,true
02,79210043582,20230526153930,20230526160017,03,0,0,0.0,1.5,true,true
01,79210043582,20230521050025,20230521052117,03,0,0,0.0,1.5,true,true
01,79210043582,20230503010428,20230503015848,03,0,0,0.0,1.5,true,true
01,79210043582,20230513225204,20230513232355,03,0,0,0.0,1.5,true,true
02,79210043582,20230518032212,20230518040751,03,0,0,0.0,1.5,true,true
02,79210043582,20230515090929,20230515091935,03,0,0,0.0,1.5,true,true
01,79210043582,20230520072813,20230520081026,03,0,0,0.0,1.5,true,true
02,79210043582,20230503184901,20230503190825,03,0,0,0.0,1.5,true,true
02,79210043582,20230505181859,20230505190434,03,0,0,0.0,1.5,true,true
02,79210043582,20230518122603,20230518122746,03,0,0,0.0,1.5,true,true
01,79210043797,20230507142624,20230507145247,03,0,0,0.0,1.5,true,true
02,79210043797,20230505021109,20230505030400,03,0,0,0.0,1.5,true,true
01,79210043797,20230521084957,20230521094403,03,0,0,0.0,1.5,true,true
02,79210043797,20230508145552,20230508152424,03,0,0,0.0,1.5,true,true
02,79210043797,20230517065314,20230517072635,03,0,0,0.0,1.5,true,true
01,79210043797,20230519105851,20230519114821,03,0,0,0.0,1.5,true,true
01,79210043797,20230515191843,20230515192538,03,0,0,0.0,1.5,true,true
01,79210043797,20230513045943,20230513053145,03,0,0,0.0,1.5,true,true
02,79210043797,20230516230741,20230516231203,03,0,0,0.0,1.5,true,true
02,79210043797,20230511040440,20230511040933,03,0,0,0.0,1.5,true,true
01,79210043797,20230524034258,20230524042349,03,0,0,0.0,1.5,true,true
01,79210043797,20230522095709,20230522104541,03,0,0,0.0,1.5,true,true
01,79210043797,20230514101453,20230514102005,03,0,0,0.0,1.5,true,true
02,79210043797,20230527192621,20230527202200,03,0,0,0.0,1.5,true,true
02,79210043797,20230517174355,20230517181142,03,0,0,0.0,1.5,true,true
02,79210043797,20230512025155,20230512025345,03,0,0,0.0,1.5,true,true
02,79210043797,20230521080326,20230521084434,03,0,0,0.0,1.5,true,true
02,79210043797,20230503005554,20230503012233,03,0,0,0.0,1.5,true,true
01,79210043797,20230507130811,20230507134604,03,0,0,0.0,1.5,true,true
02,79210043797,20230530140117,20230530141853,03,0,0,0.0,1.5,true,true
02,79210043797,20230520145714,20230520152540,03,0,0,0.0,1.5,true,true
02,79210043797,20230529055820,20230529064133,03,0,0,0.0,1.5,true,true
01,79210043797,20230514022201,20230514030504,03,0,0,0.0,1.5,true,true
02,79210043797,20230530005734,20230530015019,03,0,0,0.0,1.5,true,true
02,79210043797,20230511192732,20230511195830,03,0,0,0.0,1.5,true,true
01,79210043797,20230523032601,20230523042137,03,0,0,0.0,1.5,true,true
02,79210043797,20230515053508,20230515053740,03,0,0,0.0,1.5,true,true
02,79210043797,20230530111114,20230530115401,03,0,0,0.0,1.5,true,true
01,79210043797,20230527070136,20230527072513,03,0,0,0.0,1.5,true,true
02,79210043797,20230504102035,20230504111113,03,0,0,0.0,1.5,true,true
02,79210043797,20230518031533,20230518041301,03,0,0,0.0,1.5,true,true
02,79210043797,20230507011726,20230507012505,03,0,0,0.0,1.5,true,true
01,79210043797,20230515003431,20230515010858,03,0,0,0.0,1.5,true,true
02,79210043797,20230507061149,20230507071103,03,0,0,0.0,1.5,true,true
02,79210043797,20230515071915,20230515072344,03,0,0,0.0,1.5,true,true
02,79210043797,20230522210602,20230522211116,03,0,0,0.0,1.5,true,true
02,79210043797,20230513103509,20230513113123,03,0,0,0.0,1.5,true,true
02,79210043797,20230518173742,20230518180726,03,0,0,0.0,1.5,true,true
02,79210043797,20230529215021,20230529222511,03,0,0,0.0,1.5,true,true
01,79210043797,20230525084414,20230525090242,03,0,0,0.0,1.5,true,true
01,79210043797,20230523035506,20230523043557,03,0,0,0.0,1.5,true,true
01,79210044446,20230510102213,20230510110845,06,100,300,0.0,1.0,true,true
01,79210044446,20230508070851,20230508073205,06,100,300,0.0,1.0,true,true
01,79210044446,20230529095421,20230529104238,06,100,300,0.0,1.0,true,true
01,79210044446,20230512175532,20230512182702,06,100,300,0.0,1.0,true,true
01,79210044446,20230522005948,20230522015616,06,100,300,0.0,1.0,true,true
02,79210044446,20230530234840,20230531003231,06,100,300,0.0,1.0,true,true
02,79210044446,20230524091114,20230524100145,06,100,300,0.0,1.0,true,true
02,79210044446,20230510173825,20230510175321,06,100,300,0.0,1.0,true,true
02,79210044446,20230525201411,20230525210716,06,100,300,0.0,1.0,true,true
02,79210044446,20230523010530,20230523012521,06,100,300,0.0,1.0,true,true
01,79210044446,20230519111523,20230519112802,06,100,300,0.0,1.0,true,true
01,79210044446,20230513005710,20230513011100,06,100,300,0.0,1.0,true,true
01,79210044446,20230513094900,20230513095248,06,100,300,0.0,1.0,true,true
01,79210044446,20230527203729,20230527213533,06,100,300,0.0,1.0,true,true
02,79210044446,20230502175851,20230502185805,06,100,300,0.0,1.0,true,true
01,79210044446,20230527125759,20230527131318,06,100,300,0.0,1.0,true,true
02,79210044446,20230519081338,20230519090152,06,100,300,0.0,1.0,true,true
01,79210044446,20230505045919,20230505053448,06,100,300,0.0,1.0,true,true
02,79210044446,20230523080343,20230523085816,06,100,300,0.0,1.0,true,true
02,79210044446,20230512033642,20230512040612,06,100,300,0.0,1.0,true,true
02,79210044446,20230530180619,20230530183919,06,100,300,0.0,1.0,true,true
01,79210044446,20230528135746,20230528141858,06,100,300,0.0,1.0,true,true
01,79210044446,20230516004143,20230516012315,06,100,300,0.0,1.0,true,true
01,79210044446,20230514170425,20230514171840,06,100,300,0.0,1.0,true,true
01,79210044446,20230505110152,20230505111745,06,100,300,0.0,1.0,true,true
01,79210044446,20230515083700,20230515090639,06,100,300,0.0,1.0,true,true
01,79210044446,20230510064411,20230510071946,06,100,300,0.0,1.0,true,true
01,79210044446,20230509123942,20230509131923,06,100,300,0.0,1.0,true,true
01,79210044446,20230513184651,20230513193800,06,100,300,0.0,1.0,true,true
01,79210044446,20230512180906,20230512183048,06,100,300,0.0,1.0,true,true
02,79210044446,20230522145121,20230522152921,06,100,300,0.0,1.0,true,true
01,79210044446,20230524155127,20230524160013,06,100,300,0.0,1.0,true,true
02,79210044446,20230506141842,20230506151159,06,100,300,0.0,1.0,true,true
02,79210044446,20230510212758,20230510214630,06,100,300,0.0,1.0,true,true
01,79210044446,20230504213544,20230504215547,06,100,300,0.0,1.0,true,true
01,79210044446,20230504170743,20230504180458,06,100,300,0.0,1.0,true,true
02,79210044446,20230506125503,20230506132408,06,100,300,0.0,1.0,true,true
02,79210044446,20230526204119,20230526210010,06,100,300,0.0,1.0,true,true
02,79210044446,20230515183945,20230515184022,06,100,300,0.0,1.0,true,true
02,79210044446,20230503095305,20230503103912,06,100,300,0.0,1.0,true,true
02,79210044446,20230526120321,20230526120823,06,100,300,0.0,1.0,true,true
01,79210044517,20230520151147,20230520160317,11,0,100,0.5,1.5,false,true
01,79210044517,20230523210430,20230523220021,11,0,100,0.5,1.5,false,true
01,79210044517,20230529175340,20230529185214,11,0,100,0.5,1.5,false,true
02,79210044517,20230503031734,20230503032332,11,0,100,0.5,1.5,false,true
02,79210044517,20230514074326,20230514075244,11,0,100,0.5,1.5,false,true
02,79210044517,20230530082301,20230530084028,11,0,100,0.5,1.5,false,true
02,79210044517,20230504203129,20230504212748,11,0,100,0.5,1.5,false,true
01,79210044517,20230516035428,20230516043054,11,0,100,0.5,1.5,false,true
01,79210044517,20230530001054,20230530002650,11,0,100,0.5,1.5,false,true
02,79210044517,20230523114510,20230523123302,11,0,100,0.5,1.5,false,true
01,79210044517,20230529214434,20230529220517,11,0,100,0.5,1.5,false,true
01,79210044517,20230509141350,20230509151004,11,0,100,0.5,1.5,false,true
01,79210044517,20230508025247,20230508035125,11,0,100,0.5,1.5,false,true
02,79210044517,20230510042719,20230510052330,11,0,100,0.5,1.5,false,true
02,79210044517,20230522050210,20230522053039,11,0,100,0.5,1.5,false,true
02,79210044517,20230514175247,20230514184839,11,0,100,0.5,1.5,false,true
02,79210044517,20230518182250,20230518191330,11,0,100,0.5,1.5,false,true
01,79210044517,20230522192806,20230522193725,11,0,100,0.5,1.5,false,true
02,79210044517,20230525083822,20230525092945,11,0,100,0.5,1.5,false,true
02,79210044517,20230530121249,20230530123500,11,0,100,0.5,1.5,false,true
01,79210044517,20230507104031,20230507112838,11,0,100,0.5,1.5,false,true
02,79210044517,20230506204400,20230506213050,11,0,100,0.5,1.5,false,true
01,79210044517,20230506122402,20230506123921,11,0,100,0.5,1.5,false,true
02,79210044517,20230514073536,20230514074244,11,0,100,0.5,1.5,false,true
01,79210044517,20230507194516,20230507194730,11,0,100,0.5,1.5,false,true
02,79210044517,20230521223815,20230521224038,11,0,100,0.5,1.5,false,true
01,79210044517,20230503075126,20230503083509,11,0,100,0.5,1.5,false,true
02,79210044517,20230519083610,20230519091812,11,0,100,0.5,1.5,false,true
02,79210044517,20230530110420,20230530111505,11,0,100,0.5,1.5,false,true
01,79210044517,20230513095834,20230513101254,11,0,100,0.5,1.5,false,true
02,79210044517,20230502045918,20230502054112,11,0,100,0.5,1.5,false,true
01,79210044517,20230520160623,20230520165818,11,0,100,0.5,1.5,false,true
02,79210044517,20230521080924,20230521084547,11,0,100,0.5,1.5,false,true
02,79210044517,20230508123716,20230508133300,11,0,100,0.5,1.5,false,true
01,79210044517,20230527101833,20230527110018,11,0,100,0.5,1.5,false,true
01,79210044517,20230502051135,20230502053106,11,0,100,0.5,1.5,false,true
02,79210044517,20230525085809,20230525095349,11,0,100,0.5,1.5,false,true
01,79210044517,20230507121904,20230507131721,11,0,100,0.5,1.5,false,true
02,79210044517,20230529014646,20230529024321,11,0,100,0.5,1.5,false,true
01,79210044517,20230501174920,20230501183534,11,0,100,0.5,1.5,false,true
02,79210044517,20230526035320,20230526041948,11,0,100,0.5,1.5,false,true
02,79210044590,20230528010426,20230528015754,11,0,100,0.5,1.5,false,true
02,79210044590,20230517022506,20230517030524,11,0,100,0.5,1.5,false,true
02,79210044590,20230503010451,20230503011918,11,0,100,0.5,1.5,false,true
02,79210044590,20230521154608,20230521161103,11,0,100,0.5,1.5,false,true
02,79210044590,20230518043832,20230518045834,11,0,100,0.5,1.5,false,true
02,79210044590,20230502092210,20230502093447,11,0,100,0.5,1.5,false,true
02,79210044590,20230508093643,20230508101517,11,0,100,0.5,1.5,false,true
02,79210044590,20230503141334,20230503145843,11,0,100,0.5,1.5,false,true
01,79210044590,20230521110220,20230521110447,11,0,100,0.5,1.5,false,true
01,79210044590,20230523172858,20230523182644,11,0,100,0.5,1.5,false,true
01,79210044590,20230524122000,20230524123839,11,0,100,0.5,1.5,false,true
01,79210044590,20230524153703,20230524154649,11,0,100,0.5,1.5,false,true
02,79210044590,20230528051343,20230528061242,11,0,100,0.5,1.5,false,true
02,79210044590,20230527215700,20230527215949,11,0,100,0.5,1.5,false,true
01,79210044590,20230503090050,20230503094426,11,0,100,0.5,1.5,false,true
02,79210044590,20230515143746,20230515144105,11,0,100,0.5,1.5,false,true
01,79210044590,20230522091116,20230522093849,11,0,100,0.5,1.5,false,true
01,79210044590,20230507223644,20230507231051,11,0,100,0.5,1.5,false,true
01,79210044590,20230525001136,20230525010237,11,0,100,0.5,1.5,false,true
01,79210044590,20230515180420,20230515182804,11,0,100,0.5,1.5,false,true
01,79210044590,20230529160809,20230529170042,11,0,100,0.5,1.5,false,true
02,79210044590,20230520135848,20230520142739,11,0,100,0.5,1.5,false,true
02,79210044590,20230515200629,20230515203002,11,0,100,0.5,1.5,false,true
02,79210044590,20230523105330,20230523105518,11,0,100,0.5,1.5,false,true
02,79210044590,20230506041203,20230506042833,11,0,100,0.5,1.5,false,true
02,79210044590,20230518150159,20230518155402,11,0,100,0.5,1.5,false,true
02,79210044590,20230528104551,20230528113752,11,0,100,0.5,1.5,false,true
02,79210044590,20230515034526,20230515042404,11,0,100,0.5,1.5,false,true
01,79210044590,20230523173756,20230523174348,11,0,100,0.5,1.5,false,true
02,79210044590,20230518081922,20230518091000,11,0,100,0.5,1.5,false,true
02,79210044590,20230526145531,20230526152828,11,0,100,0.5,1.5,false,true
02,79210044590,20230523105238,20230523112532,11,0,100,0.5,1.5,false,true
02,79210044590,20230508080323,20230508080326,11,0,100,0.5,1.5,false,true
02,79210044590,20230510210716,20230510220638,11,0,100,0.5,1.5,false,true
02,79210044590,20230527144642,20230527153952,11,0,100,0.5,1.5,false,true
02,79210044590,20230518172314,20230518180213,11,0,100,0.5,1.5,false,true
01,79210044590,20230505025942,20230505032254,11,0,100,0.5,1.5,false,true
01,79210044590,20230512102145,20230512103922,11,0,100,0.5,1.5,false,true
01,79210044590,20230508162929,20230508165436,11,0,100,0.5,1.5,false,true
02,79210044590,20230508173621,20230508182017,11,0,100,0.5,1.5,false,true
01,79210044590,20230521025239,20230521033102,11,0,100,0.5,1.5,false,true
01,79210045430,20230513135902,20230513145411,03,0,0,0.0,1.5,true,true
02,79210045430,20230513211131,20230513212644,03,0,0,0.0,1.5,true,true
02,79210045430,20230524033323,20230524034601,03,0,0,0.0,1.5,true,true
02,79210045430,20230517045133,20230517051228,03,0,0,0.0,1.5,true,true
01,79210045430,20230509043615,20230509053432,03,0,0,0.0,1.5,true,true
02,79210045430,20230516002524,20230516003554,03,0,0,0.0,1.5,true,true
02,79210045430,20230529195910,20230529201631,03,0,0,0.0,1.5,true,true
02,79210045430,20230529024732,20230529025810,03,0,0,0.0,1.5,true,true
02,79210045430,20230505022109,20230505031403,03,0,0,0.0,1.5,true,true
02,79210045430,20230519014431,20230519014500,03,0,0,0.0,1.5,true,true
02,79210045430,20230501195003,20230501201912,03,0,0,0.0,1.5,true,true
01,79210045430,20230512054336,20230512063027,03,0,0,0.0,1.5,true,true
02,79210045430,20230503095642,20230503101938,03,0,0,0.0,1.5,true,true
02,79210045430,20230510201214,20230510210905,03,0,0,0.0,1.5,true,true
01,79210045430,20230521165816,20230521173627,03,0,0,0.0,1.5,true,true
02,79210045430,20230523094444,20230523095553,03,0,0,0.0,1.5,true,true
02,79210045430,20230524043044,20230524043711,03,0,0,0.0,1.5,true,true
01,79210045430,20230519143617,20230519144836,03,0,0,0.0,1.5,true,true
02,79210045430,20230502201220,20230502203232,03,0,0,0.0,1.5,true,true
02,79210045430,20230518015403,20230518022614,03,0,0,0.0,1.5,true,true
01,79210045430,20230507123315,20230507130025,03,0,0,0.0,1.5,true,true
01,79210045430,20230511073248,20230511080744,03,0,0,0.0,1.5,true,true
02,79210045430,20230512004459,20230512010716,03,0,0,0.0,1.5,true,true
02,79210045430,20230515182609,20230515192513,03,0,0,0.0,1.5,true,true
01,79210045430,20230504045431,20230504052730,03,0,0,0.0,1.5,true,true
02,79210045430,20230516184539,20230516190124,03,0,0,0.0,1.5,true,true
01,79210045430,20230506201253,20230506205623,03,0,0,0.0,1.5,true,true
01,79210045430,20230504215308,20230504222058,03,0,0,0.0,1.5,true,true
02,79210045430,20230529193246,20230529194117,03,0,0,0.0,1.5,true,true
01,79210045430,20230522085651,20230522095253,03,0,0,0.0,1.5,true,true
02,79210045430,20230506134646,20230506141812,03,0,0,0.0,1.5,true,true
01,79210045430,20230510194950,20230510203215,03,0,0,0.0,1.5,true,true
02,79210045430,20230501223714,20230501230427,03,0,0,0.0,1.5,true,true
02,79210045430,20230516045008,20230516045129,03,0,0,0.0,1.5,true,true
01,79210045430,20230523113143,20230523120136,03,0,0,0.0,1.5,true,true
01,79210045430,20230526054210,20230526060519,03,0,0,0.0,1.5,true,true
01,79210045430,20230504003640,20230504011219,03,0,0,0.0,1.5,true,true
02,79210045430,20230522011514,20230522012623,03,0,0,0.0,1.5,true,true
01,79210045430,20230505131140,20230505134122,03,0,0,0.0,1.5,true,true
02,79210045430,20230512204827,20230512214431,03,0,0,0.0,1.5,true,true
02,79210045430,20230507222441,20230507225042,03,0,0,0.0,1.5,true,true
02,79210043257,20230529151101,20230529152815,03,0,0,0.0,1.5,true,true
01,79210043257,20230507182557,20230507190519,03,0,0,0.0,1.5,true,true
02,79210043257,20230519041328,20230519044108,03,0,0,0.0,1.5,true,true
02,79210043257,20230521194126,20230521201353,03,0,0,0.0,1.5,true,true
02,79210043257,20230501123034,20230501131424,03,0,0,0.0,1.5,true,true
01,79210043257,20230525064051,20230525064055,03,0,0,0.0,1.5,true,true
01,79210043257,20230505142123,20230505142909,03,0,0,0.0,1.5,true,true
01,79210043257,20230514120406,20230514123011,03,0,0,0.0,1.5,true,true
01,79210043257,20230508221751,20230508230611,03,0,0,0.0,1.5,true,true
02,79210043257,20230512144057,20230512150308,03,0,0,0.0,1.5,true,true
02,79210043257,20230511103014,20230511105302,03,0,0,0.0,1.5,true,true
02,79210043257,20230504015619,20230504024304,03,0,0,0.0,1.5,true,true
01,79210043257,20230512222659,20230512230438,03,0,0,0.0,1.5,true,true
01,79210043257,20230509164732,20230509173511,03,0,0,0.0,1.5,true,true
02,79210043257,20230517044916,20230517045928,03,0,0,0.0,1.5,true,true
01,79210043257,20230524173327,20230524174817,03,0,0,0.0,1.5,true,true
01,79210043257,20230508003153,20230508010333,03,0,0,0.0,1.5,true,true
01,79210043257,20230511113741,20230511122350,03,0,0,0.0,1.5,true,true
01,79210043257,20230514060626,20230514065926,03,0,0,0.0,1.5,true,true
01,79210043257,20230521092030,20230521092038,03,0,0,0.0,1.5,true,true
02,79210043257,20230528232040,20230529001528,03,0,0,0.0,1.5,true,true
01,79210043257,20230509071505,20230509074839,03,0,0,0.0,1.5,true,true
02,79210043257,20230512203341,20230512205952,03,0,0,0.0,1.5,true,true
02,79210043257,20230526170726,20230526172643,03,0,0,0.0,1.5,true,true
01,79210043257,20230520214713,20230520224448,03,0,0,0.0,1.5,true,true
01,79210043257,20230506100039,20230506104425,03,0,0,0.0,1.5,true,true
02,79210043257,20230528215827,20230528224521,03,0,0,0.0,1.5,true,true
01,79210043257,20230502102614,20230502111429,03,0,0,0.0,1.5,true,true
01,79210043257,20230507142629,20230507143358,03,0,0,0.0,1.5,true,true
01,79210043257,20230521161746,20230521163948,03,0,0,0.0,1.5,true,true
01,79210043257,20230515044829,20230515050430,03,0,0,0.0,1.5,true,true
01,79210043257,20230528071504,20230528074331,03,0,0,0.0,1.5,true,true
01,79210043257,20230519211923,20230519221119,03,0,0,0.0,1.5,true,true
02,79210043257,20230501202602,20230501205651,03,0,0,0.0,1.5,true,true
02,79210043257,20230501235056,20230502001610,03,0,0,0.0,1.5,true,true
02,79210043257,20230508070317,20230508070559,03,0,0,0.0,1.5,true,true
02,79210043257,20230524003509,20230524005547,03,0,0,0.0,1.5,true,true
01,79210043257,20230513083002,20230513090707,03,0,0,0.0,1.5,true,true
02,79210043257,20230521085537,20230521092025,03,0,0,0.0,1.5,true,true
02,79210043257,20230504134811,20230504144705,03,0,0,0.0,1.5,true,true
02,79210043257,20230506223451,20230506224945,03,0,0,0.0,1.5,true,true
