02,79210043222,20230509062752,20230509065319
02,79210043222,20230522175426,20230522184411
02,79210043222,20230523025334,20230523031729
01,79210043222,20230522091152,20230522095853
02,79210043222,20230523162740,20230523165224
02,79210043222,20230515091051,20230515093621
02,79210043222,20230507092421,20230507095513
02,79210043222,20230507114003,20230507121051
02,79210043222,20230504054343,20230504055419
02,79210043222,20230508000348,20230508005828
01,79210043222,20230524211241,20230524221155
02,79210043222,20230516000425,20230516004430
01,79210043222,20230504133039,20230504134517
02,79210043222,20230511160203,20230511165608
02,79210043222,20230525115526,20230525123556
02,79210043222,20230526045357,20230526051236
01,79210043222,20230524065814,20230524070123
02,79210043222,20230501134241,20230501143435
01,79210043222,20230520125813,20230520133651
02,79210043222,20230513074831,20230513082408
01,79210043222,20230502002131,20230502003130
02,79210043222,20230512045458,20230512053210
02,79210043222,20230510124547,20230510131258
02,79210043222,20230515153735,20230515154714
01,79210043222,20230530160800,20230530165258
02,79210043222,20230526023002,20230526031440
01,79210043222,20230517101536,20230517110358
01,79210043222,20230515081544,20230515081637
01,79210043222,20230521031652,20230521034258
02,79210043222,20230513031916,20230513034517
02,79210043222,20230516043455,20230516044013
02,79210043222,20230506070601,20230506075734
02,79210043222,20230528093537,20230528100921
01,79210043222,20230526115847,20230526123152
01,79210043222,20230510010832,20230510014740
01,79210043222,20230526130245,20230526134026
02,79210043222,20230526192246,20230526201019
01,79210043222,20230510090349,20230510090406
01,79210043222,20230505191751,20230505195341
02,79210043222,20230516221318,20230516222213
02,79210043222,20230523183839,20230523192523
01,79210043230,20230518133144,20230518142030
01,79210043230,20230511001037,20230511004913
01,79210043230,20230505021322,20230505024539
02,79210043230,20230530054451,20230530061958
01,79210043230,20230521204716,20230521205645
01,79210043230,20230529040020,20230529045309
02,79210043230,20230520113842,20230520121320
02,79210043230,20230529075345,20230529075753
01,79210043230,20230503180346,20230503183056
01,79210043230,20230529051842,20230529061240
01,79210043230,20230513132753,20230513134223
02,79210043230,20230503191910,20230503200859
01,79210043230,20230529225515,20230529231128
01,79210043230,20230528030134,20230528032619
01,79210043230,20230524132718,20230524133533
02,79210043230,20230521215007,20230521222219
01,79210043230,20230523191753,20230523193841
02,79210043230,20230520194153,20230520202538
01,79210043230,20230524002219,20230524004656
01,79210043230,20230522140211,20230522141948
02,79210043230,20230524011012,20230524012300
01,79210043230,20230521085309,20230521085507
01,79210043230,20230524053328,20230524063216
01,79210043230,20230530112932,20230530114255
02,79210043230,20230507031946,20230507033851
01,79210043230,20230528140000,20230528145033
02,79210043230,20230530134423,20230530143408
01,79210043230,20230519184755,20230519193118
01,79210043230,20230516112737,20230516121449
01,79210043230,20230505030756,20230505034006
02,79210043230,20230519225510,20230519231352
01,79210043230,20230528185333,20230528192702
02,79210043230,20230524015921,20230524021312
01,79210043230,20230507111514,20230507115848
02,79210043230,20230525155341,20230525163625
02,79210043230,20230523141137,20230523150208
01,79210043230,20230503114558,20230503123010
02,79210043230,20230501154804,20230501155940
02,79210043230,20230502141727,20230502143922
02,79210043230,20230507064420,20230507072127
01,79210043230,20230529215555,20230529223647
02,79210043246,20230513182804,20230513192339
02,79210043246,20230526061803,20230526063749
01,79210043246,20230501100652,20230501102920
02,79210043246,20230505084141,20230505091634
01,79210043246,20230520002336,20230520004315
02,79210043246,20230518135919,20230518145632
01,79210043246,20230525113110,20230525120817
01,79210043246,20230510172540,20230510175351
02,79210043246,20230501042045,20230501044354
02,79210043246,20230509015612,20230509020314
01,79210043246,20230520084550,20230520084923
02,79210043246,20230503231939,20230503234746
01,79210043246,20230506050155,20230506054003
02,79210043246,20230516190849,20230516193925
01,79210043246,20230530095618,20230530102459
01,79210043246,20230527080409,20230527085722
02,79210043246,20230502210443,20230502212145
02,79210043246,20230509132027,20230509132914
01,79210043246,20230514111047,20230514114219
01,79210043246,20230512055019,20230512062154
02,79210043246,20230525073600,20230525074424
02,79210043246,20230508131619,20230508132121
02,79210043246,20230518091444,20230518094523
02,79210043246,20230506160713,20230506165816
01,79210043246,20230514115647,20230514122454
01,79210043246,20230529195051,20230529200102
02,79210043246,20230507123417,20230507132027
02,79210043246,20230521234953,20230522004531
02,79210043246,20230509080711,20230509085615
01,79210043246,20230526073600,20230526074820
01,79210043246,20230526153143,20230526153602
02,79210043246,20230503022146,20230503025215
01,79210043246,20230525140510,20230525143645
01,79210043246,20230515123404,20230515125420
02,79210043246,20230512085903,20230512090217
01,79210043246,20230526000359,20230526002304
02,79210043246,20230528134758,20230528141934
01,79210043246,20230527180547,20230527182344
02,79210043246,20230518061428,20230518063956
02,79210043246,20230518073219,20230518082034
02,79210043246,20230522142907,20230522151221
02,79210043302,20230528002255,20230528003309
01,79210043302,20230513043523,20230513043925
01,79210043302,20230530093646,20230530102240
01,79210043302,20230505131010,20230505134551
02,79210043302,20230502221337,20230502230922
01,79210043302,20230524234117,20230525003555
02,79210043302,20230529035126,20230529041014
01,79210043302,20230513174903,20230513182943
01,79210043302,20230530173920,20230530181009
02,79210043302,20230510182924,20230510191445
01,79210043302,20230524170612,20230524180117
01,79210043302,20230521093855,20230521103507
01,79210043302,20230519084214,20230519091956
02,79210043302,20230503035924,20230503041255
01,79210043302,20230520213054,20230520221916
01,79210043302,20230517044410,20230517050710
02,79210043302,20230516110418,20230516110728
02,79210043302,20230530173744,20230530182627
02,79210043302,20230526063405,20230526065207
01,79210043302,20230524192933,20230524201334
02,79210043302,20230520190229,20230520194206
01,79210043302,20230507213854,20230507223513
02,79210043302,20230515044357,20230515053748
02,79210043302,20230512132107,20230512133316
02,79210043302,20230525131549,20230525134154
02,79210043302,20230513180020,20230513183233
01,79210043302,20230530085349,20230530094825
02,79210043302,20230522003342,20230522011111
01,79210043302,20230505173818,20230505174934
02,79210043302,20230515185245,20230515193754
01,79210043302,20230510021250,20230510024502
01,79210043302,20230518083257,20230518092534
02,79210043302,20230522081205,20230522083808
02,79210043302,20230501140248,20230501144844
02,79210043302,20230527122039,20230527122917
02,79210043302,20230508145653,20230508154514
02,79210043302,20230519101914,20230519102509
01,79210043302,20230523174131,20230523183539
02,79210043302,20230503192750,20230503200346
02,79210043302,20230523070625,20230523070838
01,79210043302,20230529222143,20230529225039
01,79210043705,20230517182648,20230517183210
01,79210043705,20230508211319,20230508213433
02,79210043705,20230530070419,20230530073028
01,79210043705,20230520024053,20230520031723
01,79210043705,20230522202525,20230522205137
02,79210043705,20230509133033,20230509140953
02,79210043705,20230513174405,20230513181744
01,79210043705,20230514182042,20230514182426
01,79210043705,20230506113314,20230506120106
01,79210043705,20230515103739,20230515105756
02,79210043705,20230511213044,20230511221718
02,79210043705,20230521141138,20230521145222
02,79210043705,20230522060109,20230522062252
01,79210043705,20230507154041,20230507163752
01,79210043705,20230518133901,20230518141054
01,79210043705,20230523135333,20230523143050
02,79210043705,20230511114038,20230511115913
02,79210043705,20230530060812,20230530062848
02,79210043705,20230515120951,20230515124148
02,79210043705,20230519224801,20230519231133
02,79210043705,20230515190113,20230515192347
01,79210043705,20230523215828,20230523220738
01,79210043705,20230508121257,20230508123517
02,79210043705,20230512133853,20230512142407
02,79210043705,20230506195345,20230506203551
01,79210043705,20230517180448,20230517180859
02,79210043705,20230524032313,20230524033632
02,79210043705,20230515115034,20230515124409
01,79210043705,20230513033015,20230513034020
01,79210043705,20230502025105,20230502034953
01,79210043705,20230502115217,20230502121408
01,79210043705,20230513060136,20230513061428
01,79210043705,20230506234404,20230506234410
01,79210043705,20230525031132,20230525033415
02,79210043705,20230504040905,20230504045328
02,79210043705,20230526013937,20230526020451
02,79210043705,20230519160035,20230519165006
02,79210043705,20230520112246,20230520112300
02,79210043705,20230507155149,20230507163407
01,79210043705,20230506213426,20230506215529
01,79210043705,20230521060923,20230521070615
01,79210044005,20230501173306,20230501180345
02,79210044005,20230514161455,20230514163307
01,79210044005,20230525201139,20230525203650
01,79210044005,20230513041149,20230513043021
01,79210044005,20230509171150,20230509172328
01,79210044005,20230530004054,20230530012105
01,79210044005,20230504223524,20230504232916
02,79210044005,20230516235534,20230517004124
02,79210044005,20230510120358,20230510120551
02,79210044005,20230528130702,20230528131407
02,79210044005,20230508214954,20230508224041
01,79210044005,20230509133332,20230509134809
01,79210044005,20230516051850,20230516052824
02,79210044005,20230516074956,20230516075809
02,79210044005,20230516044356,20230516051223
01,79210044005,20230508225316,20230508235146
02,79210044005,20230526165957,20230526172337
02,79210044005,20230527174316,20230527180648
02,79210044005,20230518133843,20230518141435
02,79210044005,20230529094457,20230529101826
01,79210044005,20230507120918,20230507124646
01,79210044005,20230513081418,20230513085747
02,79210044005,20230523084834,20230523090730
01,79210044005,20230507144427,20230507152206
01,79210044005,20230509010323,20230509014515
02,79210044005,20230506205155,20230506212911
02,79210044005,20230505151331,20230505154654
01,79210044005,20230505112334,20230505113001
02,79210044005,20230528111701,20230528115223
01,79210044005,20230528015018,20230528022721
02,79210044005,20230521061011,20230521061036
02,79210044005,20230529210110,20230529213252
01,79210044005,20230504061003,20230504070210
02,79210044005,20230530180151,20230530185810
01,79210044005,20230522091856,20230522093701
02,79210044005,20230525200116,20230525201037
02,79210044005,20230504115455,20230504122449
01,79210044005,20230513021119,20230513030543
02,79210044005,20230521143440,20230521143733
01,79210044005,20230501111024,20230501120243
02,79210044005,20230530081537,20230530084817
01,79210044121,20230507234754,20230507235743
02,79210044121,20230530180855,20230530183624
01,79210044121,20230515033911,20230515041016
01,79210044121,20230521214413,20230521221047
02,79210044121,20230529041258,20230529044129
02,79210044121,20230516232002,20230516235543
01,79210044121,20230521200023,20230521201858
01,79210044121,20230504105856,20230504110218
01,79210044121,20230511104841,20230511105032
01,79210044121,20230530195619,20230530201817
01,79210044121,20230508152149,20230508155344
02,79210044121,20230518145551,20230518151427
01,79210044121,20230527031354,20230527032312
02,79210044121,20230524131809,20230524135447
01,79210044121,20230507100446,20230507103822
02,79210044121,20230516092149,20230516094237
01,79210044121,20230510195640,20230510201906
02,79210044121,20230504090449,20230504092701
02,79210044121,20230511082803,20230511084527
01,79210044121,20230514191713,20230514200930
01,79210044121,20230507052040,20230507052936
01,79210044121,20230506195516,20230506202111
02,79210044121,20230503200136,20230503203700
01,79210044121,20230526200904,20230526202621
02,79210044121,20230503140754,20230503145708
02,79210044121,20230502002945,20230502012435
01,79210044121,20230516195948,20230516200527
01,79210044121,20230502191909,20230502192038
01,79210044121,20230519092804,20230519102310
01,79210044121,20230520080551,20230520080856
02,79210044121,20230510195515,20230510201533
02,79210044121,20230518124713,20230518132537
02,79210044121,20230506061723,20230506070443
02,79210044121,20230510000150,20230510002522
01,79210044121,20230520192425,20230520195216
02,79210044121,20230520024038,20230520025633
02,79210044121,20230522161315,20230522170125
01,79210044121,20230520050446,20230520053519
01,79210044121,20230517081334,20230517083906
01,79210044121,20230523124407,20230523132847
02,79210044121,20230508035057,20230508040611
02,79210044742,20230521020201,20230521022703
02,79210044742,20230529090711,20230529091954
01,79210044742,20230522034602,20230522035730
02,79210044742,20230522002000,20230522002717
02,79210044742,20230517035459,20230517040427
02,79210044742,20230530152633,20230530155517
01,79210044742,20230519091837,20230519092705
01,79210044742,20230524142633,20230524150739
02,79210044742,20230526111809,20230526114958
02,79210044742,20230524211329,20230524220352
02,79210044742,20230528122035,20230528124511
01,79210044742,20230507134255,20230507135159
02,79210044742,20230516230658,20230516233254
01,79210044742,20230507080600,20230507090252
01,79210044742,20230518010527,20230518015149
02,79210044742,20230521080448,20230521082110
02,79210044742,20230523220250,20230523222417
02,79210044742,20230529031744,20230529032425
02,79210044742,20230503213148,20230503221833
01,79210044742,20230520145633,20230520154140
02,79210044742,20230508173729,20230508174746
01,79210044742,20230521015340,20230521022947
01,79210044742,20230529224356,20230529230314
01,79210044742,20230502072642,20230502073417
02,79210044742,20230506120157,20230506124307
01,79210044742,20230516072421,20230516073246
02,79210044742,20230528084608,20230528092618
02,79210044742,20230505235515,20230506001709
02,79210044742,20230509072005,20230509081644
01,79210044742,20230518224851,20230518225349
01,79210044742,20230501030501,20230501032416
02,79210044742,20230522092939,20230522102025
01,79210044742,20230521062644,20230521072630
01,79210044742,20230515184744,20230515192010
01,79210044742,20230518083152,20230518084704
02,79210044742,20230511100019,20230511105710
01,79210044742,20230510131745,20230510133008
01,79210044742,20230521021431,20230521023532
02,79210044742,20230510125347,20230510125826
01,79210044742,20230525074457,20230525074920
02,79210044742,20230512000105,20230512001856
01,79210044985,20230507121952,20230507131747
01,79210044985,20230516050839,20230516050948
02,79210044985,20230501131627,20230501135814
01,79210044985,20230528154621,20230528155635
02,79210044985,20230522204739,20230522211455
01,79210044985,20230508083531,20230508093416
01,79210044985,20230513043259,20230513052626
01,79210044985,20230509071151,20230509074450
02,79210044985,20230506171400,20230506173024
02,79210044985,20230512202644,20230512205124
01,79210044985,20230517160722,20230517170024
01,79210044985,20230504034219,20230504044109
01,79210044985,20230515040959,20230515050309
01,79210044985,20230515010440,20230515020318
02,79210044985,20230529052430,20230529052836
02,79210044985,20230515104226,20230515104924
01,79210044985,20230520052753,20230520060812
02,79210044985,20230503025405,20230503030346
01,79210044985,20230504204350,20230504205121
02,79210044985,20230520101602,20230520102349
01,79210044985,20230517111444,20230517115306
01,79210044985,20230523093850,20230523095144
01,79210044985,20230507232544,20230507235922
02,79210044985,20230526114326,20230526115734
01,79210044985,20230530003718,20230530004917
01,79210044985,20230515170853,20230515173453
02,79210044985,20230505140517,20230505145122
01,79210044985,20230504151417,20230504151736
02,79210044985,20230523075049,20230523075050
02,79210044985,20230529055116,20230529063746
01,79210044985,20230518040540,20230518040902
02,79210044985,20230511214423,20230511223255
01,79210044985,20230524035704,20230524040321
01,79210044985,20230525152737,20230525153722
01,79210044985,20230515020056,20230515024818
01,79210044985,20230526140015,20230526142546
01,79210044985,20230518131229,20230518134855
01,79210044985,20230522212625,20230522213648
02,79210044985,20230527231102,20230527234738
01,79210044985,20230515062328,20230515065410
01,79210044985,20230518091528,20230518100311
01,79210045070,20230510131213,20230510133209
01,79210045070,20230519093655,20230519102446
02,79210045070,20230517123948,20230517132215
01,79210045070,20230518052547,20230518054358
01,79210045070,20230512162500,20230512164547
01,79210045070,20230502110452,20230502120424
01,79210045070,20230515062607,20230515071536
01,79210045070,20230530152908,20230530161424
02,79210045070,20230519121623,20230519122400
02,79210045070,20230514212440,20230514220629
01,79210045070,20230505031217,20230505032122
01,79210045070,20230526023857,20230526032319
01,79210045070,20230530035815,20230530042945
01,79210045070,20230501091822,20230501101050
01,79210045070,20230507051702,20230507053934
01,79210045070,20230526132955,20230526142258
01,79210045070,20230505091036,20230505100344
02,79210045070,20230526162632,20230526164616
01,79210045070,20230513064743,20230513065210
01,79210045070,20230502084051,20230502093248
01,79210045070,20230505183418,20230505191322
01,79210045070,20230521085159,20230521094434
02,79210045070,20230517221133,20230517222555
01,79210045070,20230507040949,20230507050249
02,79210045070,20230503173005,20230503174926
01,79210045070,20230529160130,20230529164241
01,79210045070,20230529000035,20230529000239
02,79210045070,20230512144605,20230512150828
02,79210045070,20230502045832,20230502054916
01,79210045070,20230516030518,20230516035608
01,79210045070,20230517093409,20230517100214
01,79210045070,20230505075233,20230505083619
02,79210045070,20230515121354,20230515124637
01,79210045070,20230504062052,20230504064726
02,79210045070,20230508073009,20230508075803
02,79210045070,20230501100033,20230501100847
01,79210045070,20230523014301,20230523023606
02,79210045070,20230511232259,20230511235301
01,79210045070,20230501030330,20230501031331
02,79210045070,20230523185747,20230523194427
02,79210045070,20230508043132,20230508052415
02,79210045246,20230528190752,20230528194941
02,79210045246,20230518143516,20230518151920
01,79210045246,20230526161215,20230526163002
02,79210045246,20230520220203,20230520224153
01,79210045246,20230516035616,20230516042333
01,79210045246,20230506232447,20230506232527
01,79210045246,20230504142254,20230504144855
01,79210045246,20230529214506,20230529214718
02,79210045246,20230514035533,20230514043228
02,79210045246,20230509211050,20230509220410
02,79210045246,20230511195904,20230511201445
01,79210045246,20230506221300,20230506221902
01,79210045246,20230502232902,20230502235855
02,79210045246,20230503153141,20230503153658
01,79210045246,20230519124155,20230519134012
01,79210045246,20230530050126,20230530052057
01,79210045246,20230520031724,20230520035112
02,79210045246,20230510173439,20230510180436
01,79210045246,20230516114837,20230516120652
01,79210045246,20230518090444,20230518093051
02,79210045246,20230504141021,20230504150846
01,79210045246,20230523180827,20230523181417
01,79210045246,20230512143305,20230512150555
02,79210045246,20230506034908,20230506044247
02,79210045246,20230521115045,20230521115756
02,79210045246,20230507010802,20230507011806
02,79210045246,20230518220233,20230518220627
02,79210045246,20230508070926,20230508075351
02,79210045246,20230520055104,20230520061856
02,79210045246,20230526140757,20230526145033
01,79210045246,20230526183200,20230526184228
02,79210045246,20230501033704,20230501033909
01,79210045246,20230526133944,20230526134454
02,79210045246,20230508130652,20230508133314
01,79210045246,20230524160002,20230524161055
02,79210045246,20230519123314,20230519125825
01,79210045246,20230512010703,20230512020623
01,79210045246,20230505223215,20230505225545
02,79210045246,20230528001339,20230528003200
02,79210045246,20230524085235,20230524090823
01,79210045246,20230514202904,20230514212142
01,79210043342,20230516081915,20230516083545
02,79210043342,20230515124745,20230515133026
01,79210043342,20230502052215,20230502053134
02,79210043342,20230530211119,20230530213632
01,79210043342,20230501205054,20230501212849
02,79210043342,20230506072223,20230506080010
02,79210043342,20230512152817,20230512155502
02,79210043342,20230524144148,20230524145808
01,79210043342,20230517132903,20230517135121
01,79210043342,20230527175026,20230527175412
01,79210043342,20230507072701,20230507081634
01,79210043342,20230519193947,20230519200127
01,79210043342,20230517145448,20230517154352
01,79210043342,20230506121034,20230506124904
01,79210043342,20230510173647,20230510175333
01,79210043342,20230508111505,20230508113716
02,79210043342,20230517211610,20230517213355
02,79210043342,20230525140742,20230525141359
02,79210043342,20230521225627,20230521230306
02,79210043342,20230512152930,20230512154416
02,79210043342,20230512032919,20230512040600
01,79210043342,20230502040233,20230502043352
02,79210043342,20230511151637,20230511152906
02,79210043342,20230528132126,20230528133210
02,79210043342,20230525220408,20230525221357
01,79210043342,20230516225538,20230516233122
01,79210043342,20230521103124,20230521111536
01,79210043342,20230513081638,20230513091152
01,79210043342,20230521141453,20230521142347
02,79210043342,20230518132626,20230518135154
01,79210043342,20230506060159,20230506065611
01,79210043342,20230517062417,20230517062546
02,79210043342,20230524115505,20230524125358
02,79210043342,20230520064958,20230520072255
02,79210043342,20230502185353,20230502193913
01,79210043342,20230515073332,20230515081455
01,79210043342,20230515082635,20230515084317
02,79210043342,20230512010823,20230512020821
01,79210043342,20230514123422,20230514125711
01,79210043342,20230517142400,20230517145023
02,79210043342,20230516013344,20230516023010
02,79210043365,20230506030035,20230506031131
01,79210043365,20230524202048,20230524202453
01,79210043365,20230502141459,20230502144855
02,79210043365,20230525014621,20230525023121
02,79210043365,20230510204639,20230510211233
02,79210043365,20230514080951,20230514083834
02,79210043365,20230514192318,20230514201830
01,79210043365,20230511074829,20230511082150
01,79210043365,20230520135617,20230520144614
02,79210043365,20230527181408,20230527182122
02,79210043365,20230503102925,20230503112724
02,79210043365,20230511141019,20230511145032
01,79210043365,20230516173156,20230516180033
01,79210043365,20230521124105,20230521130726
02,79210043365,20230511072843,20230511082802
02,79210043365,20230504044225,20230504053015
02,79210043365,20230501072858,20230501080805
01,79210043365,20230520213706,20230520223056
02,79210043365,20230523032154,20230523034945
02,79210043365,20230523025629,20230523033831
01,79210043365,20230517024944,20230517031653
02,79210043365,20230528133122,20230528135247
01,79210043365,20230509073156,20230509073728
01,79210043365,20230518035437,20230518040618
02,79210043365,20230502050022,20230502053223
02,79210043365,20230522191401,20230522201121
01,79210043365,20230522070349,20230522071907
02,79210043365,20230512011050,20230512015239
02,79210043365,20230516145005,20230516145244
01,79210043365,20230503154517,20230503164242
02,79210043365,20230515143405,20230515150814
01,79210043365,20230508162450,20230508163400
02,79210043365,20230517051534,20230517053830
02,79210043365,20230517193859,20230517203314
02,79210043365,20230510194001,20230510194846
01,79210043365,20230504221051,20230504221950
01,79210043365,20230503173020,20230503174411
01,79210043365,20230513043420,20230513052345
01,79210043365,20230518151214,20230518152214
02,79210043365,20230518111616,20230518113508
02,79210043365,20230503161642,20230503163413
02,79210043417,20230520143450,20230520145733
02,79210043417,20230516190026,20230516194305
01,79210043417,20230516114819,20230516115534
02,79210043417,20230503004643,20230503010834
01,79210043417,20230507214021,20230507214452
02,79210043417,20230530174940,20230530183555
01,79210043417,20230502111606,20230502112142
01,79210043417,20230514073907,20230514080119
02,79210043417,20230519154343,20230519155235
01,79210043417,20230511214338,20230511220417
02,79210043417,20230527084018,20230527085326
01,79210043417,20230513035447,20230513035940
01,79210043417,20230515225323,20230515232440
01,79210043417,20230530005541,20230530011700
01,79210043417,20230514114822,20230514120007
02,79210043417,20230530144430,20230530152015
02,79210043417,20230502194659,20230502195703
01,79210043417,20230503034945,20230503044312
02,79210043417,20230508013842,20230508015235
02,79210043417,20230514180208,20230514181741
01,79210043417,20230526211205,20230526213312
01,79210043417,20230527044052,20230527052738
01,79210043417,20230507234800,20230508001658
02,79210043417,20230503201839,20230503205443
01,79210043417,20230514163317,20230514172526
01,79210043417,20230509144506,20230509151032
02,79210043417,20230528032512,20230528041642
01,79210043417,20230512164257,20230512170557
02,79210043417,20230525100525,20230525101715
01,79210043417,20230518182511,20230518190317
02,79210043417,20230519141015,20230519145112
02,79210043417,20230520183656,20230520185056
02,79210043417,20230516083751,20230516083816
01,79210043417,20230516055652,20230516064919
02,79210043417,20230525214450,20230525222641
02,79210043417,20230522203313,20230522204622
01,79210043417,20230514151753,20230514152851
02,79210043417,20230512053623,20230512063343
02,79210043417,20230521163304,20230521172404
01,79210043417,20230523165725,20230523175027
01,79210043417,20230502061507,20230502062322
01,79210043446,20230503043422,20230503045455
01,79210043446,20230524185730,20230524195533
01,79210043446,20230529042053,20230529044144
01,79210043446,20230519070920,20230519074633
01,79210043446,20230503085944,20230503093715
02,79210043446,20230509153229,20230509162643
01,79210043446,20230517045849,20230517051930
02,79210043446,20230528061319,20230528065411
02,79210043446,20230518222352,20230518222626
02,79210043446,20230504121423,20230504125648
02,79210043446,20230525161812,20230525163408
01,79210043446,20230525023036,20230525023529
01,79210043446,20230513171019,20230513172249
01,79210043446,20230522171423,20230522174633
01,79210043446,20230513122940,20230513125714
02,79210043446,20230527150239,20230527150459
01,79210043446,20230529040637,20230529041621
01,79210043446,20230509101109,20230509104042
02,79210043446,20230510221434,20230510222032
02,79210043446,20230526143651,20230526143928
02,79210043446,20230508013215,20230508013801
01,79210043446,20230522035225,20230522040726
02,79210043446,20230506231844,20230507001034
02,79210043446,20230522030626,20230522031051
01,79210043446,20230523122703,20230523122746
02,79210043446,20230517174320,20230517180017
02,79210043446,20230520173015,20230520180844
02,79210043446,20230513131629,20230513133738
01,79210043446,20230521234057,20230522002216
01,79210043446,20230514133842,20230514143209
02,79210043446,20230504084543,20230504085427
02,79210043446,20230503044719,20230503054650
01,79210043446,20230503193151,20230503194553
02,79210043446,20230508210740,20230508212811
01,79210043446,20230505000049,20230505004852
02,79210043446,20230521120931,20230521124328
02,79210043446,20230507093929,20230507094115
02,79210043446,20230510125506,20230510132738
01,79210043446,20230503200909,20230503205717
02,79210043446,20230525003358,20230525003645
02,79210043446,20230518121723,20230518125225
01,79210043662,20230501000628,20230501005901
01,79210043662,20230514061522,20230514065955
01,79210043662,20230509171352,20230509180310
01,79210043662,20230509043147,20230509044049
01,79210043662,20230530104906,20230530113936
02,79210043662,20230501001611,20230501002055
02,79210043662,20230502213243,20230502214049
02,79210043662,20230509082146,20230509091621
02,79210043662,20230523082047,20230523083525
02,79210043662,20230516132515,20230516134127
01,79210043662,20230521030942,20230521032928
01,79210043662,20230515234915,20230515235036
02,79210043662,20230506061815,20230506062055
01,79210043662,20230507204057,20230507212123
02,79210043662,20230508192240,20230508192326
02,79210043662,20230507043516,20230507045959
01,79210043662,20230501110412,20230501113442
02,79210043662,20230514102919,20230514104112
01,79210043662,20230522125300,20230522130114
02,79210043662,20230523052550,20230523055236
01,79210043662,20230524092314,20230524101416
02,79210043662,20230501191138,20230501191357
02,79210043662,20230507234342,20230507234613
01,79210043662,20230504154000,20230504163509
02,79210043662,20230516213120,20230516215613
01,79210043662,20230509134235,20230509142041
01,79210043662,20230518015816,20230518025530
02,79210043662,20230522163739,20230522164613
01,79210043662,20230521125647,20230521134126
01,79210043662,20230512014532,20230512015600
02,79210043662,20230504135743,20230504141052
02,79210043662,20230511175145,20230511181917
01,79210043662,20230519231539,20230519234228
01,79210043662,20230502072540,20230502082531
01,79210043662,20230519224742,20230519234515
02,79210043662,20230525230036,20230525235641
02,79210043662,20230505062637,20230505064950
01,79210043662,20230501203633,20230501211121
01,79210043662,20230520200020,20230520201739
02,79210043662,20230503211926,20230503220944
01,79210043662,20230506162836,20230506170811
02,79210044377,20230529102917,20230529110128
01,79210044377,20230502215725,20230502224541
01,79210044377,20230510171755,20230510172800
02,79210044377,20230510113808,20230510121757
02,79210044377,20230502124121,20230502124813
01,79210044377,20230518200343,20230518201720
02,79210044377,20230516091027,20230516093321
02,79210044377,20230512075516,20230512082645
02,79210044377,20230512131203,20230512133656
01,79210044377,20230522231223,20230522233507
01,79210044377,20230511094818,20230511104805
01,79210044377,20230512215952,20230512222044
02,79210044377,20230516043525,20230516050229
02,79210044377,20230508102644,20230508110723
01,79210044377,20230501185126,20230501194913
01,79210044377,20230512212306,20230512215614
02,79210044377,20230522144231,20230522154131
01,79210044377,20230502160049,20230502164755
01,79210044377,20230525175420,20230525184534
02,79210044377,20230525140823,20230525144922
01,79210044377,20230526154250,20230526154613
01,79210044377,20230512095818,20230512103925
02,79210044377,20230504174919,20230504180403
01,79210044377,20230530222347,20230530225600
01,79210044377,20230509222328,20230509230059
02,79210044377,20230529060901,20230529061925
01,79210044377,20230516235210,20230517003157
01,79210044377,20230530091750,20230530092334
01,79210044377,20230516202853,20230516203456
01,79210044377,20230508093302,20230508101405
01,79210044377,20230506092520,20230506093114
01,79210044377,20230503081618,20230503090401
01,79210044377,20230527015207,20230527024657
02,79210044377,20230523174418,20230523180003
01,79210044377,20230501113235,20230501121134
02,79210044377,20230519232640,20230519235522
01,79210044377,20230519200209,20230519205913
02,79210044377,20230519021222,20230519021823
02,79210044377,20230525235011,20230525235932
01,79210044377,20230509010819,20230509011917
01,79210044377,20230525204133,20230525204329
01,79210044665,20230522035306,20230522044616
01,79210044665,20230520230141,20230521000010
01,79210044665,20230507073141,20230507075805
02,79210044665,20230508153405,20230508153510
02,79210044665,20230526082030,20230526090334
01,79210044665,20230512173020,20230512175236
02,79210044665,20230513113746,20230513114550
02,79210044665,20230526221930,20230526224237
01,79210044665,20230516163104,20230516165210
02,79210044665,20230527232942,20230528001948
02,79210044665,20230516191916,20230516194943
02,79210044665,20230528030156,20230528034555
01,79210044665,20230521004200,20230521005625
01,79210044665,20230530013944,20230530014437
02,79210044665,20230529010456,20230529014434
02,79210044665,20230525165849,20230525174713
01,79210044665,20230502211607,20230502213853
02,79210044665,20230503075628,20230503080100
02,79210044665,20230504080526,20230504083853
01,79210044665,20230527054804,20230527064718
01,79210044665,20230504081650,20230504082338
02,79210044665,20230504083341,20230504090703
01,79210044665,20230516022707,20230516025049
02,79210044665,20230523225509,20230523232734
02,79210044665,20230516113419,20230516123359
02,79210044665,20230501174127,20230501175643
01,79210044665,20230520135053,20230520140646
01,79210044665,20230516073024,20230516075117
01,79210044665,20230519094645,20230519102356
02,79210044665,20230525115744,20230525120808
02,79210044665,20230524202005,20230524202755
01,79210044665,20230525125743,20230525133149
02,79210044665,20230520203101,20230520211155
02,79210044665,20230530134722,20230530144022
01,79210044665,20230526181109,20230526184706
02,79210044665,20230504014354,20230504014545
02,79210044665,20230512075006,20230512081500
01,79210044665,20230517092350,20230517100921
02,79210044665,20230512011944,20230512013457
01,79210044665,20230509101826,20230509105343
02,79210044665,20230523190706,20230523192525
02,79210044821,20230512073630,20230512080953
01,79210044821,20230502094122,20230502094618
01,79210044821,20230512165750,20230512171924
01,79210044821,20230528060128,20230528070054
01,79210044821,20230523193736,20230523201604
01,79210044821,20230508125730,20230508134021
01,79210044821,20230515093458,20230515102549
02,79210044821,20230517062646,20230517063413
01,79210044821,20230519200816,20230519201656
02,79210044821,20230520062744,20230520071937
01,79210044821,20230508112110,20230508113141
02,79210044821,20230529055531,20230529062132
01,79210044821,20230525205308,20230525213332
02,79210044821,20230501031637,20230501035902
01,79210044821,20230525054515,20230525055636
02,79210044821,20230530065957,20230530071638
02,79210044821,20230520062402,20230520063005
02,79210044821,20230519090832,20230519093123
02,79210044821,20230530094540,20230530095749
01,79210044821,20230504053613,20230504060339
01,79210044821,20230506001014,20230506010636
01,79210044821,20230506135702,20230506145253
01,79210044821,20230503093236,20230503102348
02,79210044821,20230527053228,20230527054915
01,79210044821,20230523212239,20230523221224
01,79210044821,20230524024627,20230524025131
02,79210044821,20230522054612,20230522054858
01,79210044821,20230514103514,20230514110150
01,79210044821,20230523214437,20230523214754
01,79210044821,20230509203900,20230509212428
02,79210044821,20230514151505,20230514155647
02,79210044821,20230526131615,20230526135046
01,79210044821,20230507041928,20230507044323
02,79210044821,20230522033714,20230522041400
02,79210044821,20230503032232,20230503032737
02,79210044821,20230520152110,20230520160605
01,79210044821,20230515213512,20230515213824
02,79210044821,20230501023841,20230501030814
01,79210044821,20230502140358,20230502142145
02,79210044821,20230516061207,20230516062345
02,79210044821,20230526185000,20230526190543
02,79210044902,20230527165953,20230527175133
01,79210044902,20230502171414,20230502172917
02,79210044902,20230506205341,20230506210349
02,79210044902,20230528105942,20230528114931
01,79210044902,20230528235742,20230529000301
02,79210044902,20230520023237,20230520024522
02,79210044902,20230502235556,20230503002556
01,79210044902,20230511230358,20230511231926
02,79210044902,20230511080648,20230511085304
02,79210044902,20230527151118,20230527155217
01,79210044902,20230511180344,20230511181203
02,79210044902,20230506012418,20230506014322
01,79210044902,20230519162102,20230519162649
02,79210044902,20230517084232,20230517084725
01,79210044902,20230504185458,20230504192159
02,79210044902,20230517112706,20230517114604
02,79210044902,20230507044527,20230507053604
02,79210044902,20230508002050,20230508005040
01,79210044902,20230524044730,20230524053357
02,79210044902,20230510011108,20230510015002
01,79210044902,20230506231642,20230506233946
02,79210044902,20230522233450,20230523002951
02,79210044902,20230507030259,20230507033659
02,79210044902,20230504034753,20230504042621
01,79210044902,20230505054832,20230505062012
02,79210044902,20230505232845,20230505233337
01,79210044902,20230527232127,20230527234506
01,79210044902,20230524182523,20230524192458
02,79210044902,20230520093953,20230520101712
01,79210044902,20230507011346,20230507020446
02,79210044902,20230516085729,20230516093126
02,79210044902,20230510050130,20230510053420
02,79210044902,20230526173236,20230526174546
02,79210044902,20230502035945,20230502044527
02,79210044902,20230524101116,20230524110437
01,79210044902,20230530074546,20230530083910
01,79210044902,20230521010944,20230521015248
02,79210044902,20230512003036,20230512003942
02,79210044902,20230521011835,20230521014440
01,79210044902,20230515153518,20230515162545
02,79210044902,20230501214459,20230501223750
01,79210045337,20230530041726,20230530042228
02,79210045337,20230510052116,20230510062022
02,79210045337,20230517125720,20230517134842
02,79210045337,20230513164613,20230513172843
01,79210045337,20230514023928,20230514031306
01,79210045337,20230517161928,20230517164324
01,79210045337,20230528120633,20230528130134
01,79210045337,20230520104050,20230520114041
01,79210045337,20230502120833,20230502122628
02,79210045337,20230513034712,20230513034730
02,79210045337,20230526171008,20230526175529
02,79210045337,20230516005803,20230516010912
02,79210045337,20230521155937,20230521163927
01,79210045337,20230528011337,20230528014609
02,79210045337,20230511165555,20230511172439
02,79210045337,20230515195315,20230515200251
02,79210045337,20230507082814,20230507085045
02,79210045337,20230527185413,20230527194428
02,79210045337,20230515222702,20230515225044
02,79210045337,20230509034022,20230509040619
02,79210045337,20230507233103,20230508002510
01,79210045337,20230512175550,20230512180533
01,79210045337,20230508164712,20230508165612
01,79210045337,20230504123507,20230504123959
02,79210045337,20230514141735,20230514143806
02,79210045337,20230505170401,20230505172014
02,79210045337,20230519143420,20230519150823
02,79210045337,20230501073318,20230501082526
01,79210045337,20230518052802,20230518060421
02,79210045337,20230517015600,20230517025032
02,79210045337,20230510035817,20230510041242
01,79210045337,20230502040017,20230502043039
01,79210045337,20230506054247,20230506062055
02,79210045337,20230513163305,20230513163851
02,79210045337,20230526212010,20230526215325
01,79210045337,20230522193059,20230522195249
02,79210045337,20230520140218,20230520144444
01,79210045337,20230511105722,20230511112734
02,79210045337,20230518041050,20230518044430
01,79210045337,20230528023424,20230528025608
02,79210045337,20230501083456,20230501093409
02,79210045622,20230509181058,20230509190240
02,79210045622,20230526183516,20230526191207
02,79210045622,20230525090233,20230525095221
02,79210045622,20230501192102,20230501194316
01,79210045622,20230529185258,20230529192731
02,79210045622,20230518142046,20230518143035
01,79210045622,20230503104124,20230503105208
01,79210045622,20230519190142,20230519194824
01,79210045622,20230502214646,20230502224032
02,79210045622,20230516053008,20230516055528
01,79210045622,20230524050656,20230524051731
01,79210045622,20230502111854,20230502114741
02,79210045622,20230523205340,20230523210204
01,79210045622,20230529231648,20230529234944
01,79210045622,20230523164010,20230523173020
01,79210045622,20230523215427,20230523220743
01,79210045622,20230529144111,20230529144851
02,79210045622,20230503115725,20230503125140
01,79210045622,20230510034731,20230510041147
01,79210045622,20230505032617,20230505040557
01,79210045622,20230503101625,20230503104430
02,79210045622,20230520072424,20230520072900
01,79210045622,20230521091615,20230521100526
01,79210045622,20230527214214,20230527215905
02,79210045622,20230524080158,20230524080321
01,79210045622,20230512143207,20230512151631
01,79210045622,20230508192832,20230508195833
01,79210045622,20230504231652,20230504232029
01,79210045622,20230509220552,20230509221220
01,79210045622,20230508155606,20230508165243
01,79210045622,20230511083228,20230511084238
01,79210045622,20230511065844,20230511072931
01,79210045622,20230518052947,20230518055001
01,79210045622,20230519064016,20230519072052
02,79210045622,20230516074233,20230516074245
02,79210045622,20230503231721,20230503233441
01,79210045622,20230525182946,20230525190939
02,79210045622,20230517031828,20230517035418
02,79210045622,20230522210002,20230522215403
02,79210045622,20230525191122,20230525200722
01,79210045622,20230526182914,20230526183847
02,79210043221,20230517122429,20230517131612
01,79210043221,20230517022019,20230517025200
01,79210043221,20230508110629,20230508111802
02,79210043221,20230519225812,20230519233020
01,79210043221,20230514084944,20230514094400
01,79210043221,20230522143010,20230522143949
02,79210043221,20230505203238,20230505203658
01,79210043221,20230504144442,20230504150639
01,79210043221,20230521020420,20230521023819
02,79210043221,20230516022905,20230516023900
02,79210043221,20230524154348,20230524163606
02,79210043221,20230526093539,20230526094731
02,79210043221,20230530144444,20230530145750
02,79210043221,20230522012428,20230522015307
01,79210043221,20230528083702,20230528084702
02,79210043221,20230514175703,20230514180933
02,79210043221,20230507121936,20230507124016
01,79210043221,20230508130552,20230508134415
02,79210043221,20230524012148,20230524013840
02,79210043221,20230508213545,20230508222235
01,79210043221,20230525165537,20230525170024
01,79210043221,20230526153811,20230526162149
02,79210043221,20230518020557,20230518021804
02,79210043221,20230519005123,20230519012238
02,79210043221,20230521113149,20230521122436
02,79210043221,20230518065643,20230518072528
01,79210043221,20230509150334,20230509154542
02,79210043221,20230512225013,20230512225755
01,79210043221,20230528084808,20230528094056
01,79210043221,20230507012950,20230507021945
02,79210043221,20230523210358,20230523213301
02,79210043221,20230522225419,20230522232450
01,79210043221,20230522214238,20230522215958
01,79210043221,20230505235303,20230506000227
02,79210043221,20230518104302,20230518110010
02,79210043221,20230521025626,20230521033133
01,79210043221,20230525215445,20230525221421
02,79210043221,20230528204210,20230528210515
01,79210043221,20230503161503,20230503164709
01,79210043221,20230517110847,20230517113551
02,79210043221,20230519074613,20230519083206
01,79210043225,20230523150247,20230523155048
02,79210043225,20230507224403,20230507224539
01,79210043225,20230520011821,20230520021738
02,79210043225,20230523143135,20230523152153
01,79210043225,20230516232953,20230516235854
02,79210043225,20230526113232,20230526113359
01,79210043225,20230517234940,20230518000419
01,79210043225,20230504040835,20230504045423
02,79210043225,20230526133123,20230526135929
02,79210043225,20230519080836,20230519084138
01,79210043225,20230506131906,20230506132207
01,79210043225,20230501045219,20230501050942
02,79210043225,20230505025516,20230505031820
01,79210043225,20230515001022,20230515003129
02,79210043225,20230512152911,20230512161243
01,79210043225,20230526043534,20230526043547
02,79210043225,20230512173123,20230512181022
02,79210043225,20230511224338,20230511231129
02,79210043225,20230520181247,20230520181457
01,79210043225,20230530045846,20230530054115
01,79210043225,20230505163731,20230505164912
02,79210043225,20230511044842,20230511052604
01,79210043225,20230530212127,20230530215728
02,79210043225,20230525062954,20230525064309
02,79210043225,20230522171108,20230522175459
02,79210043225,20230511192940,20230511194320
02,79210043225,20230506055734,20230506060135
01,79210043225,20230526111451,20230526115333
02,79210043225,20230506130443,20230506131457
02,79210043225,20230529200944,20230529205600
02,79210043225,20230504020656,20230504022050
01,79210043225,20230519223809,20230519230659
02,79210043225,20230515162905,20230515172420
02,79210043225,20230512020938,20230512025421
01,79210043225,20230530154709,20230530164357
02,79210043225,20230505082826,20230505085918
01,79210043225,20230513231934,20230513233905
01,79210043225,20230529015444,20230529025208
01,79210043225,20230509233421,20230510000458
02,79210043225,20230503013128,20230503013932
01,79210043225,20230502220413,20230502225001
01,79210043390,20230506234735,20230507001051
01,79210043390,20230508102959,20230508112544
01,79210043390,20230514144632,20230514151311
02,79210043390,20230530084836,20230530092855
01,79210043390,20230518050112,20230518053601
02,79210043390,20230527141802,20230527144400
01,79210043390,20230523042424,20230523043230
02,79210043390,20230525223946,20230525232933
02,79210043390,20230514182828,20230514185956
02,79210043390,20230512090855,20230512093730
02,79210043390,20230508175329,20230508180052
01,79210043390,20230523003218,20230523010003
01,79210043390,20230505204633,20230505212157
02,79210043390,20230507120749,20230507123047
02,79210043390,20230516183918,20230516185713
01,79210043390,20230530181846,20230530191245
01,79210043390,20230506125159,20230506131957
02,79210043390,20230504114747,20230504124209
02,79210043390,20230502133750,20230502142205
02,79210043390,20230511145529,20230511152708
02,79210043390,20230502051234,20230502060158
01,79210043390,20230527162900,20230527170715
01,79210043390,20230520200607,20230520201936
01,79210043390,20230530070042,20230530074226
02,79210043390,20230522163441,20230522171403
02,79210043390,20230517074337,20230517080643
02,79210043390,20230513032057,20230513040449
02,79210043390,20230521141046,20230521150825
01,79210043390,20230511230305,20230512000028
02,79210043390,20230525035659,20230525043403
01,79210043390,20230508152053,20230508160921
01,79210043390,20230526225831,20230526235455
02,79210043390,20230504035214,20230504043239
01,79210043390,20230525071304,20230525074446
02,79210043390,20230502203432,20230502204325
01,79210043390,20230502184130,20230502192722
02,79210043390,20230522214651,20230522220510
01,79210043390,20230515173056,20230515180840
02,79210043390,20230528103706,20230528105439
01,79210043390,20230513152438,20230513152630
02,79210043390,20230524215952,20230524220544
02,79210043750,20230525161246,20230525164342
02,79210043750,20230509124939,20230509125719
01,79210043750,20230513044218,20230513051415
01,79210043750,20230525022648,20230525032258
02,79210043750,20230501051538,20230501051657
02,79210043750,20230524214525,20230524215330
01,79210043750,20230514222814,20230514223632
02,79210043750,20230511230220,20230511234429
01,79210043750,20230502154814,20230502164052
01,79210043750,20230530160457,20230530163149
01,79210043750,20230527012027,20230527012646
02,79210043750,20230528223928,20230528233731
02,79210043750,20230519073016,20230519082122
02,79210043750,20230529112516,20230529120204
01,79210043750,20230526094700,20230526095848
02,79210043750,20230518040313,20230518041938
01,79210043750,20230527043422,20230527051311
02,79210043750,20230526095516,20230526103322
01,79210043750,20230518234513,20230519001847
02,79210043750,20230512004837,20230512011409
01,79210043750,20230521162517,20230521165227
02,79210043750,20230528022353,20230528032244
01,79210043750,20230519155143,20230519164125
02,79210043750,20230508171631,20230508181024
01,79210043750,20230517010649,20230517015546
01,79210043750,20230527080827,20230527084754
02,79210043750,20230514220139,20230514221538
02,79210043750,20230515021047,20230515021345
01,79210043750,20230528043442,20230528051317
02,79210043750,20230502232052,20230503000347
01,79210043750,20230517172228,20230517175738
01,79210043750,20230524051654,20230524060008
01,79210043750,20230516184908,20230516185952
02,79210043750,20230515165714,20230515173740
02,79210043750,20230518171044,20230518174834
02,79210043750,20230511105006,20230511113307
01,79210043750,20230522213325,20230522220657
01,79210043750,20230511114803,20230511120711
02,79210043750,20230529193450,20230529195412
02,79210043750,20230515183033,20230515183903
01,79210043750,20230516052923,20230516054836
02,79210043846,20230530080302,20230530085250
01,79210043846,20230519205858,20230519212226
01,79210043846,20230521200348,20230521202037
01,79210043846,20230510215246,20230510221610
02,79210043846,20230512010347,20230512015823
02,79210043846,20230516104042,20230516113245
01,79210043846,20230527181540,20230527182957
02,79210043846,20230519184828,20230519194746
01,79210043846,20230510143211,20230510152318
02,79210043846,20230512065300,20230512072236
02,79210043846,20230508005645,20230508014740
01,79210043846,20230527195236,20230527200116
01,79210043846,20230511223237,20230511225247
01,79210043846,20230505061058,20230505061625
01,79210043846,20230507192348,20230507194345
01,79210043846,20230501111053,20230501120421
01,79210043846,20230507065149,20230507074324
01,79210043846,20230514230942,20230514232010
01,79210043846,20230523111251,20230523115529
01,79210043846,20230526034123,20230526041858
02,79210043846,20230513001203,20230513005219
01,79210043846,20230521161817,20230521163331
02,79210043846,20230512041122,20230512041549
02,79210043846,20230526042333,20230526051406
02,79210043846,20230518180627,20230518184647
01,79210043846,20230501022043,20230501031214
01,79210043846,20230503064828,20230503064959
02,79210043846,20230503013818,20230503020417
02,79210043846,20230529164617,20230529171150
01,79210043846,20230517033351,20230517042418
01,79210043846,20230522150600,20230522151400
01,79210043846,20230501182614,20230501185445
02,79210043846,20230526084936,20230526092555
02,79210043846,20230506185141,20230506191405
01,79210043846,20230517175435,20230517181529
01,79210043846,20230522044321,20230522044353
02,79210043846,20230505174725,20230505182609
01,79210043846,20230506055708,20230506064658
02,79210043846,20230520140800,20230520141249
02,79210043846,20230508144146,20230508145523
02,79210043846,20230501161533,20230501163802
01,79210043897,20230514151343,20230514153731
01,79210043897,20230502042328,20230502045547
02,79210043897,20230508141422,20230508144215
02,79210043897,20230514085923,20230514090727
01,79210043897,20230527144008,20230527150902
01,79210043897,20230530142027,20230530150107
01,79210043897,20230501104741,20230501112229
01,79210043897,20230527193505,20230527195513
01,79210043897,20230503093700,20230503095511
02,79210043897,20230510092107,20230510095426
01,79210043897,20230513184731,20230513191826
02,79210043897,20230517025714,20230517034313
02,79210043897,20230527235043,20230528004958
01,79210043897,20230519073648,20230519083606
01,79210043897,20230527172128,20230527180326
01,79210043897,20230526143958,20230526152012
01,79210043897,20230521031836,20230521033818
01,79210043897,20230529044458,20230529051851
02,79210043897,20230502114941,20230502115624
02,79210043897,20230529013738,20230529014350
02,79210043897,20230507115625,20230507120240
02,79210043897,20230515032444,20230515035131
02,79210043897,20230510101143,20230510102811
02,79210043897,20230505053926,20230505054059
01,79210043897,20230524082416,20230524082812
02,79210043897,20230516201045,20230516202039
01,79210043897,20230510104445,20230510104456
01,79210043897,20230503234717,20230504003122
01,79210043897,20230512002434,20230512004942
02,79210043897,20230515113200,20230515121254
01,79210043897,20230518125702,20230518130125
01,79210043897,20230518015332,20230518024418
02,79210043897,20230504234309,20230504234501
01,79210043897,20230513165736,20230513174034
01,79210043897,20230502233737,20230503001423
01,79210043897,20230517103235,20230517112201
01,79210043897,20230514212722,20230514213601
01,79210043897,20230518224946,20230518233525
02,79210043897,20230516093129,20230516093854
02,79210043897,20230524195305,20230524195847
02,79210043897,20230502094825,20230502103128
02,79210044310,20230510185109,20230510194714
02,79210044310,20230502132522,20230502134945
02,79210044310,20230529080706,20230529084303
02,79210044310,20230519112828,20230519121849
01,79210044310,20230529031429,20230529032448
01,79210044310,20230505063715,20230505070110
02,79210044310,20230514074156,20230514081413
02,79210044310,20230525163406,20230525164903
01,79210044310,20230509005623,20230509014846
01,79210044310,20230529015518,20230529021608
02,79210044310,20230508091159,20230508091411
01,79210044310,20230501151925,20230501155501
02,79210044310,20230530103001,20230530104445
02,79210044310,20230530162017,20230530162646
02,79210044310,20230520113234,20230520115500
02,79210044310,20230524014412,20230524020644
02,79210044310,20230516143937,20230516144014
02,79210044310,20230506174650,20230506175430
02,79210044310,20230510004243,20230510012410
01,79210044310,20230527211924,20230527211933
01,79210044310,20230502071104,20230502080055
01,79210044310,20230502231218,20230502232036
02,79210044310,20230506222227,20230506222820
01,79210044310,20230509172015,20230509175633
02,79210044310,20230525065906,20230525074004
01,79210044310,20230507085644,20230507090222
01,79210044310,20230526020716,20230526024736
02,79210044310,20230507212458,20230507221252
02,79210044310,20230530075252,20230530081245
01,79210044310,20230519134849,20230519134940
02,79210044310,20230518014455,20230518024053
01,79210044310,20230506103516,20230506105834
02,79210044310,20230507104419,20230507110311
01,79210044310,20230501161921,20230501170357
01,79210044310,20230512064258,20230512070023
01,79210044310,20230529084758,20230529090554
01,79210044310,20230509102232,20230509111855
02,79210044310,20230507221844,20230507223924
01,79210044310,20230529185558,20230529191209
01,79210044310,20230525064426,20230525072103
02,79210044310,20230512212640,20230512220513
02,79210045157,20230528210750,20230528215835
02,79210045157,20230522034239,20230522034502
02,79210045157,20230506115053,20230506123010
01,79210045157,20230516162531,20230516162549
02,79210045157,20230528164029,20230528173017
01,79210045157,20230524213302,20230524221404
02,79210045157,20230510094937,20230510101317
02,79210045157,20230523141940,20230523142807
01,79210045157,20230524150653,20230524151753
01,79210045157,20230510143632,20230510150509
02,79210045157,20230503014102,20230503023228
01,79210045157,20230526125516,20230526132312
02,79210045157,20230509032543,20230509033446
01,79210045157,20230517100525,20230517104243
01,79210045157,20230516094716,20230516101123
02,79210045157,20230501123225,20230501130510
02,79210045157,20230514073204,20230514075238
01,79210045157,20230506113610,20230506115111
02,79210045157,20230527193649,20230527195029
01,79210045157,20230516131829,20230516134303
01,79210045157,20230513170337,20230513174619
02,79210045157,20230527112220,20230527112454
02,79210045157,20230502003349,20230502011655
02,79210045157,20230511195105,20230511201844
01,79210045157,20230502074843,20230502084153
01,79210045157,20230508083007,20230508084228
01,79210045157,20230512184307,20230512192940
01,79210045157,20230530172044,20230530173805
01,79210045157,20230521225507,20230521233203
02,79210045157,20230530115011,20230530122549
02,79210045157,20230528001448,20230528010410
01,79210045157,20230506234545,20230506235616
01,79210045157,20230524130624,20230524132731
02,79210045157,20230509132842,20230509134932
02,79210045157,20230510021354,20230510022712
02,79210045157,20230518092118,20230518092932
01,79210045157,20230516072139,20230516073649
01,79210045157,20230527163327,20230527170821
02,79210045157,20230517044030,20230517053409
01,79210045157,20230515052841,20230515061136
01,79210045157,20230529075829,20230529083143
02,79210045525,20230518150947,20230518155127
01,79210045525,20230502081040,20230502083205
01,79210045525,20230518083413,20230518091211
01,79210045525,20230525130221,20230525133512
02,79210045525,20230504185455,20230504190236
01,79210045525,20230520201825,20230520202807
01,79210045525,20230510061202,20230510065907
02,79210045525,20230523140824,20230523150237
02,79210045525,20230524173942,20230524180041
02,79210045525,20230514114652,20230514114816
02,79210045525,20230515124214,20230515124317
01,79210045525,20230507105648,20230507110059
02,79210045525,20230515183225,20230515192609
02,79210045525,20230521082757,20230521090340
02,79210045525,20230522044521,20230522052133
02,79210045525,20230522062028,20230522063628
01,79210045525,20230529183556,20230529192614
02,79210045525,20230516130833,20230516132928
02,79210045525,20230509043211,20230509052921
01,79210045525,20230515175834,20230515181911
01,79210045525,20230513210102,20230513213939
02,79210045525,20230517180615,20230517185614
02,79210045525,20230502031001,20230502031409
02,79210045525,20230515192245,20230515200645
01,79210045525,20230505195129,20230505200709
02,79210045525,20230518170409,20230518172237
02,79210045525,20230503082158,20230503083901
01,79210045525,20230504175811,20230504184614
02,79210045525,20230521080105,20230521081654
02,79210045525,20230529234132,20230530002430
01,79210045525,20230516091713,20230516095204
02,79210045525,20230511204107,20230511211002
02,79210045525,20230529143729,20230529151737
02,79210045525,20230524212738,20230524222234
01,79210045525,20230507214537,20230507221122
01,79210045525,20230501095739,20230501105639
02,79210045525,20230524023838,20230524032128
02,79210045525,20230511052645,20230511054634
01,79210045525,20230528155629,20230528163604
01,79210045525,20230510190916,20230510193605
01,79210045525,20230530160019,20230530160410
01,79210044182,20230511161833,20230511171819
02,79210044182,20230511235849,20230512005032
01,79210044182,20230511122707,20230511130819
02,79210044182,20230520131616,20230520135443
01,79210044182,20230513120136,20230513125639
02,79210044182,20230511064913,20230511073047
01,79210044182,20230511174348,20230511184055
01,79210044182,20230512081753,20230512083528
02,79210044182,20230529121550,20230529124840
02,79210044182,20230523061437,20230523062602
02,79210044182,20230509124515,20230509133705
01,79210044182,20230524051703,20230524060627
01,79210044182,20230521080035,20230521083653
01,79210044182,20230530040757,20230530045719
02,79210044182,20230519054636,20230519055441
01,79210044182,20230525234240,20230526001131
01,79210044182,20230517204424,20230517212850
01,79210044182,20230508035128,20230508040517
01,79210044182,20230515174256,20230515183748
01,79210044182,20230511085720,20230511090015
01,79210044182,20230510051107,20230510060712
01,79210044182,20230527133524,20230527143041
01,79210044182,20230528120929,20230528122008
01,79210044182,20230505151213,20230505152637
01,79210044182,20230521133816,20230521134603
02,79210044182,20230519085222,20230519093505
01,79210044182,20230518184726,20230518192809
02,79210044182,20230529211700,20230529213306
02,79210044182,20230514001029,20230514003155
01,79210044182,20230526113545,20230526123204
02,79210044182,20230519005456,20230519010810
01,79210044182,20230516041929,20230516044541
02,79210044182,20230524164842,20230524174501
02,79210044182,20230517204012,20230517211807
02,79210044182,20230514025210,20230514034732
02,79210044182,20230526224242,20230526230200
02,79210044182,20230503183949,20230503191501
02,79210044182,20230530153125,20230530162857
01,79210044182,20230529053820,20230529053838
01,79210044182,20230529073247,20230529082553
02,79210044182,20230509043012,20230509043550
01,79210044245,20230505130548,20230505135906
02,79210044245,20230516034140,20230516042651
02,79210044245,20230517234917,20230518000528
01,79210044245,20230527154105,20230527155450
01,79210044245,20230503060201,20230503062257
01,79210044245,20230521052856,20230521061442
01,79210044245,20230522225649,20230522231024
02,79210044245,20230519075233,20230519082345
01,79210044245,20230518121323,20230518131016
01,79210044245,20230507205531,20230507210230
02,79210044245,20230522131104,20230522134348
01,79210044245,20230506023013,20230506023021
02,79210044245,20230526142042,20230526150233
02,79210044245,20230502021045,20230502023105
01,79210044245,20230506141059,20230506144940
02,79210044245,20230525213334,20230525223002
02,79210044245,20230527222719,20230527230321
01,79210044245,20230522132510,20230522134715
02,79210044245,20230527161822,20230527164922
01,79210044245,20230517015556,20230517021322
02,79210044245,20230530155339,20230530162324
02,79210044245,20230511190037,20230511195950
02,79210044245,20230501024025,20230501032745
01,79210044245,20230505052825,20230505053159
01,79210044245,20230519140522,20230519145544
01,79210044245,20230503085116,20230503091254
01,79210044245,20230530182539,20230530185523
01,79210044245,20230529220856,20230529222435
01,79210044245,20230510190351,20230510192150
01,79210044245,20230517043739,20230517051829
01,79210044245,20230501090809,20230501100033
02,79210044245,20230522093101,20230522094717
01,79210044245,20230516205853,20230516211727
02,79210044245,20230527093542,20230527094902
02,79210044245,20230520145430,20230520151820
02,79210044245,20230502022933,20230502030814
01,79210044245,20230523221828,20230523222205
01,79210044245,20230527174040,20230527182018
01,79210044245,20230502131918,20230502134856
01,79210044245,20230520135942,20230520144141
01,79210044245,20230530014843,20230530015733
02,79210043237,20230504212732,20230504222117
01,79210043237,20230520020217,20230520024717
01,79210043237,20230508020009,20230508024751
02,79210043237,20230512151010,20230512155609
01,79210043237,20230530025206,20230530031855
01,79210043237,20230523071108,20230523072007
02,79210043237,20230508223452,20230508225821
01,79210043237,20230525175700,20230525183602
02,79210043237,20230520131739,20230520133459
01,79210043237,20230517221804,20230517222208
01,79210043237,20230518134531,20230518141148
02,79210043237,20230516063811,20230516071344
01,79210043237,20230529234133,20230529234850
02,79210043237,20230513130046,20230513130553
02,79210043237,20230522201148,20230522203635
01,79210043237,20230518163739,20230518172559
01,79210043237,20230514035247,20230514041345
02,79210043237,20230522120230,20230522122708
01,79210043237,20230505104502,20230505110338
02,79210043237,20230523215445,20230523224429
02,79210043237,20230515115522,20230515123324
01,79210043237,20230516200535,20230516204555
02,79210043237,20230515234956,20230515235439
01,79210043237,20230513223733,20230513233209
02,79210043237,20230527105332,20230527111229
02,79210043237,20230501152452,20230501154226
01,79210043237,20230514050034,20230514053352
01,79210043237,20230517162439,20230517165941
02,79210043237,20230517124645,20230517132403
02,79210043237,20230521153815,20230521162249
01,79210043237,20230507203901,20230507204050
01,79210043237,20230515205948,20230515214641
01,79210043237,20230528094723,20230528095002
01,79210043237,20230529053639,20230529060234
02,79210043237,20230516103525,20230516113042
02,79210043237,20230503212809,20230503215603
01,79210043237,20230523083613,20230523085529
01,79210043237,20230508144343,20230508151624
02,79210043237,20230505234722,20230506004708
02,79210043237,20230507223645,20230507224355
02,79210043237,20230527154413,20230527161759
01,79210043270,20230528135654,20230528143500
02,79210043270,20230515155218,20230515164752
02,79210043270,20230524043548,20230524051447
02,79210043270,20230506234007,20230506235843
02,79210043270,20230505081729,20230505083116
01,79210043270,20230520001101,20230520005159
02,79210043270,20230506152331,20230506154833
01,79210043270,20230517233441,20230517235708
02,79210043270,20230519173221,20230519180342
01,79210043270,20230507124907,20230507130326
01,79210043270,20230527095059,20230527095840
02,79210043270,20230513142415,20230513142926
01,79210043270,20230530114750,20230530122446
01,79210043270,20230530024848,20230530033812
02,79210043270,20230529081807,20230529091540
02,79210043270,20230506114429,20230506124135
02,79210043270,20230529134229,20230529142954
01,79210043270,20230506130925,20230506133804
01,79210043270,20230502141538,20230502141830
02,79210043270,20230508093949,20230508102422
01,79210043270,20230504074147,20230504082047
01,79210043270,20230521142004,20230521143621
02,79210043270,20230528024002,20230528030647
01,79210043270,20230508115132,20230508121259
01,79210043270,20230527071726,20230527075304
02,79210043270,20230517212417,20230517222144
01,79210043270,20230511114722,20230511124130
01,79210043270,20230528232657,20230528235954
02,79210043270,20230516000749,20230516002737
02,79210043270,20230524104417,20230524105730
01,79210043270,20230526005023,20230526010705
01,79210043270,20230514140643,20230514141813
01,79210043270,20230516150959,20230516155737
02,79210043270,20230517191551,20230517200946
02,79210043270,20230514061539,20230514062757
01,79210043270,20230510015408,20230510023323
02,79210043270,20230509010401,20230509011355
02,79210043270,20230501155810,20230501161254
01,79210043270,20230513154134,20230513161329
02,79210043270,20230505233147,20230505233637
01,79210043270,20230508130435,20230508134501
01,79210043285,20230517073354,20230517075521
02,79210043285,20230517201011,20230517204418
01,79210043285,20230510100400,20230510101940
01,79210043285,20230526101457,20230526101526
01,79210043285,20230525050843,20230525052452
02,79210043285,20230503230059,20230503230427
02,79210043285,20230527080044,20230527084415
01,79210043285,20230502062055,20230502062232
01,79210043285,20230509054149,20230509054738
01,79210043285,20230512224308,20230512225605
01,79210043285,20230514221403,20230514224547
01,79210043285,20230509200350,20230509203209
01,79210043285,20230510003249,20230510012933
02,79210043285,20230503001745,20230503005820
02,79210043285,20230527003110,20230527010141
02,79210043285,20230502071849,20230502073052
01,79210043285,20230506230214,20230506234326
01,79210043285,20230511213422,20230511215407
02,79210043285,20230503052154,20230503055016
02,79210043285,20230524162957,20230524165829
02,79210043285,20230523212743,20230523221927
01,79210043285,20230526052840,20230526053059
02,79210043285,20230524231506,20230524234501
01,79210043285,20230518000413,20230518001321
02,79210043285,20230524063429,20230524063551
02,79210043285,20230513084600,20230513092644
02,79210043285,20230508001738,20230508011422
01,79210043285,20230513204123,20230513205308
02,79210043285,20230510115949,20230510122345
01,79210043285,20230524050129,20230524050705
01,79210043285,20230518072537,20230518075250
02,79210043285,20230507110907,20230507114207
02,79210043285,20230528163348,20230528163946
01,79210043285,20230521091918,20230521095148
01,79210043285,20230508175244,20230508180154
02,79210043285,20230518143849,20230518144831
01,79210043285,20230530135720,20230530143008
02,79210043285,20230504131633,20230504135254
02,79210043285,20230511202430,20230511205826
01,79210043285,20230503045911,20230503051508
02,79210043285,20230526094815,20230526100207
01,79210043321,20230527201614,20230527210100
02,79210043321,20230525220840,20230525222354
02,79210043321,20230514233821,20230515003717
02,79210043321,20230511052803,20230511055754
02,79210043321,20230527080358,20230527085608
02,79210043321,20230516043110,20230516043247
02,79210043321,20230514231926,20230515000402
01,79210043321,20230522133839,20230522143317
02,79210043321,20230513003749,20230513004706
02,79210043321,20230523211340,20230523215012
02,79210043321,20230519100659,20230519105407
01,79210043321,20230518182137,20230518191503
02,79210043321,20230513085346,20230513091110
01,79210043321,20230505223438,20230505231201
01,79210043321,20230530051847,20230530052755
02,79210043321,20230512020318,20230512022418
01,79210043321,20230517201706,20230517203354
01,79210043321,20230503162104,20230503162455
01,79210043321,20230518113342,20230518114049
01,79210043321,20230508015008,20230508020038
01,79210043321,20230526190042,20230526194246
01,79210043321,20230514123418,20230514124456
02,79210043321,20230511001659,20230511002853
02,79210043321,20230506181240,20230506190130
01,79210043321,20230505041939,20230505043245
01,79210043321,20230527172804,20230527181052
01,79210043321,20230517091245,20230517093046
02,79210043321,20230509140035,20230509140255
02,79210043321,20230522155829,20230522161506
02,79210043321,20230528205803,20230528211241
01,79210043321,20230511031109,20230511040722
02,79210043321,20230524054518,20230524062254
02,79210043321,20230505110708,20230505111447
01,79210043321,20230508052854,20230508060542
01,79210043321,20230519215311,20230519215602
01,79210043321,20230505110101,20230505113920
02,79210043321,20230512231415,20230512233637
02,79210043321,20230515015912,20230515022223
02,79210043321,20230524201131,20230524203103
02,79210043321,20230511020425,20230511023056
01,79210043321,20230505150846,20230505152914
01,79210043477,20230507192728,20230507202417
01,79210043477,20230514102236,20230514110757
02,79210043477,20230511051123,20230511060438
01,79210043477,20230528045848,20230528052829
01,79210043477,20230523060547,20230523061611
01,79210043477,20230506183836,20230506191835
01,79210043477,20230518211638,20230518213507
02,79210043477,20230519171158,20230519175239
01,79210043477,20230503211330,20230503215741
01,79210043477,20230524192238,20230524201355
01,79210043477,20230518051514,20230518053549
02,79210043477,20230512052111,20230512061723
02,79210043477,20230523105635,20230523112942
02,79210043477,20230506082401,20230506090928
02,79210043477,20230523095911,20230523100254
02,79210043477,20230511180136,20230511180422
02,79210043477,20230510202335,20230510211142
01,79210043477,20230526095422,20230526095801
02,79210043477,20230509195147,20230509203709
02,79210043477,20230504013008,20230504014615
01,79210043477,20230511034510,20230511044317
01,79210043477,20230522160337,20230522164910
02,79210043477,20230517062135,20230517071256
01,79210043477,20230520235549,20230521002409
01,79210043477,20230519152719,20230519152825
01,79210043477,20230524195248,20230524203135
01,79210043477,20230528200625,20230528204945
01,79210043477,20230521011702,20230521021209
01,79210043477,20230519224636,20230519231255
01,79210043477,20230517181501,20230517190832
01,79210043477,20230526184048,20230526192113
02,79210043477,20230501073258,20230501082320
02,79210043477,20230517194236,20230517203521
01,79210043477,20230520205848,20230520210819
02,79210043477,20230527123554,20230527132634
02,79210043477,20230502075614,20230502085105
02,79210043477,20230503114313,20230503115601
02,79210043477,20230512033337,20230512042113
02,79210043477,20230521115447,20230521123451
02,79210043477,20230506163655,20230506164603
02,79210043477,20230502103749,20230502105822
01,79210043510,20230504015812,20230504021518
02,79210043510,20230521195911,20230521203916
01,79210043510,20230513093411,20230513095302
02,79210043510,20230514204037,20230514204903
01,79210043510,20230510064650,20230510071954
02,79210043510,20230503093024,20230503093311
01,79210043510,20230520064514,20230520065230
01,79210043510,20230523163333,20230523165407
02,79210043510,20230505082943,20230505084742
01,79210043510,20230524105222,20230524114955
01,79210043510,20230504073932,20230504082156
01,79210043510,20230513060857,20230513070245
01,79210043510,20230529233659,20230529234300
01,79210043510,20230522073117,20230522081523
02,79210043510,20230510215602,20230510220010
01,79210043510,20230514080458,20230514085645
02,79210043510,20230529112353,20230529121326
02,79210043510,20230505130722,20230505132730
02,79210043510,20230510175026,20230510175225
02,79210043510,20230525215805,20230525223440
01,79210043510,20230517045037,20230517051959
01,79210043510,20230502011759,20230502020141
01,79210043510,20230524192053,20230524194127
02,79210043510,20230515015811,20230515024142
01,79210043510,20230520125221,20230520125530
01,79210043510,20230522094724,20230522094824
02,79210043510,20230506110528,20230506120302
02,79210043510,20230502101115,20230502104649
01,79210043510,20230512035411,20230512043830
02,79210043510,20230507061250,20230507064812
01,79210043510,20230522151607,20230522155536
02,79210043510,20230522055008,20230522062152
02,79210043510,20230505000355,20230505001215
01,79210043510,20230525225658,20230525230341
01,79210043510,20230506024526,20230506032131
01,79210043510,20230530235405,20230531001851
01,79210043510,20230507234534,20230508002240
01,79210043510,20230525072116,20230525080708
02,79210043510,20230507212837,20230507214816
01,79210043510,20230526070706,20230526071208
01,79210043510,20230520122936,20230520123238
02,79210043545,20230516055059,20230516062600
01,79210043545,20230511133123,20230511140702
01,79210043545,20230526084154,20230526094059
02,79210043545,20230515203331,20230515203721
01,79210043545,20230516124117,20230516131313
02,79210043545,20230501085519,20230501091004
02,79210043545,20230501112724,20230501121411
01,79210043545,20230518112234,20230518112615
01,79210043545,20230524024052,20230524025549
02,79210043545,20230520214751,20230520222858
02,79210043545,20230513024640,20230513031130
02,79210043545,20230508235645,20230509004924
02,79210043545,20230506203531,20230506210833
02,79210043545,20230503073646,20230503083032
02,79210043545,20230503172006,20230503172134
01,79210043545,20230525153337,20230525160113
02,79210043545,20230516171039,20230516173502
02,79210043545,20230503220910,20230503221334
01,79210043545,20230523074214,20230523081748
01,79210043545,20230504151824,20230504152148
01,79210043545,20230526125113,20230526133105
01,79210043545,20230530100808,20230530104605
02,79210043545,20230509095531,20230509104851
01,79210043545,20230515203151,20230515203628
01,79210043545,20230529110449,20230529111151
02,79210043545,20230510040300,20230510041643
02,79210043545,20230512221014,20230512223804
01,79210043545,20230515233037,20230516001247
01,79210043545,20230529215114,20230529224341
02,79210043545,20230530104036,20230530113534
02,79210043545,20230503233247,20230504000902
01,79210043545,20230527095922,20230527103626
02,79210043545,20230501171314,20230501174748
02,79210043545,20230509235636,20230510005608
02,79210043545,20230515061014,20230515062736
01,79210043545,20230504184744,20230504185955
01,79210043545,20230502102010,20230502102653
02,79210043545,20230504131147,20230504133941
01,79210043545,20230507062128,20230507062707
01,79210043545,20230508221337,20230508225835
01,79210043545,20230506144106,20230506144300
01,79210043582,20230523160950,20230523165007
01,79210043582,20230516100510,20230516105913
02,79210043582,20230510143130,20230510151346
02,79210043582,20230527222059,20230527225730
01,79210043582,20230524163258,20230524173102
02,79210043582,20230501230747,20230501234010
01,79210043582,20230522073016,20230522073628
02,79210043582,20230511080157,20230511083342
02,79210043582,20230529181401,20230529191005
01,79210043582,20230515212914,20230515215113
02,79210043582,20230504032145,20230504032556
02,79210043582,20230518083904,20230518085043
01,79210043582,20230524111518,20230524120248
02,79210043582,20230518182830,20230518185005
01,79210043582,20230530175629,20230530181854
01,79210043582,20230525141415,20230525145627
02,79210043582,20230501021625,20230501024821
01,79210043582,20230502224830,20230502233154
02,79210043582,20230510171303,20230510175353
01,79210043582,20230502183247,20230502185551
02,79210043582,20230513185624,20230513185754
02,79210043582,20230520180834,20230520185822
02,79210043582,20230509090124,20230509092857
02,79210043582,20230521102235,20230521104220
02,79210043582,20230521001535,20230521005403
01,79210043582,20230527190841,20230527191749
01,79210043582,20230516140908,20230516145007
02,79210043582,20230523122357,20230523130032
02,79210043582,20230526230059,20230526234337
02,79210043582,20230520121734,20230520131621
02,79210043582,20230502164013,20230502172934
02,79210043582,20230526153930,20230526160017
01,79210043582,20230521050025,20230521052117
01,79210043582,20230503010428,20230503015848
01,79210043582,20230513225204,20230513232355
02,79210043582,20230518032212,20230518040751
02,79210043582,20230515090929,20230515091935
01,79210043582,20230520072813,20230520081026
02,79210043582,20230503184901,20230503190825
02,79210043582,20230505181859,20230505190434
02,79210043582,20230518122603,20230518122746
02,79210043621,20230516002634,20230516012625
02,79210043621,20230518021458,20230518030239
01,79210043621,20230516152754,20230516152916
01,79210043621,20230512170906,20230512175107
01,79210043621,20230530201022,20230530203833
01,79210043621,20230520034453,20230520041007
01,79210043621,20230517190628,20230517191428
01,79210043621,20230519100046,20230519101418
02,79210043621,20230501025627,20230501034730
02,79210043621,20230529184540,20230529192008
02,79210043621,20230503235435,20230504000038
02,79210043621,20230528075324,20230528081816
02,79210043621,20230515224826,20230515225247
02,79210043621,20230507090103,20230507092315
02,79210043621,20230506033906,20230506035303
01,79210043621,20230512062348,20230512072118
01,79210043621,20230522201942,20230522204843
02,79210043621,20230514195257,20230514202529
01,79210043621,20230529220854,20230529221350
02,79210043621,20230503025026,20230503033509
01,79210043621,20230520015242,20230520023916
02,79210043621,20230503222743,20230503223304
02,79210043621,20230505070427,20230505071136
02,79210043621,20230527173114,20230527174927
02,79210043621,20230524104853,20230524110221
01,79210043621,20230525114239,20230525121309
01,79210043621,20230524163429,20230524172008
01,79210043621,20230525153055,20230525161853
01,79210043621,20230509053020,20230509055905
02,79210043621,20230501033132,20230501043025
02,79210043621,20230501180246,20230501183258
01,79210043621,20230517002242,20230517004341
01,79210043621,20230507212220,20230507220557
01,79210043621,20230506015751,20230506024215
02,79210043621,20230513205216,20230513213555
01,79210043621,20230516132224,20230516134037
01,79210043621,20230525193638,20230525200734
01,79210043621,20230502224537,20230502230659
01,79210043621,20230504133252,20230504142114
02,79210043621,20230509223826,20230509224130
01,79210043621,20230526151351,20230526160133
01,79210043797,20230507142624,20230507145247
02,79210043797,20230505021109,20230505030400
01,79210043797,20230521084957,20230521094403
02,79210043797,20230508145552,20230508152424
02,79210043797,20230517065314,20230517072635
01,79210043797,20230519105851,20230519114821
01,79210043797,20230515191843,20230515192538
01,79210043797,20230513045943,20230513053145
02,79210043797,20230516230741,20230516231203
02,79210043797,20230511040440,20230511040933
01,79210043797,20230524034258,20230524042349
01,79210043797,20230522095709,20230522104541
01,79210043797,20230514101453,20230514102005
02,79210043797,20230527192621,20230527202200
02,79210043797,20230517174355,20230517181142
02,79210043797,20230512025155,20230512025345
02,79210043797,20230521080326,20230521084434
02,79210043797,20230503005554,20230503012233
01,79210043797,20230507130811,20230507134604
02,79210043797,20230530140117,20230530141853
02,79210043797,20230520145714,20230520152540
02,79210043797,20230529055820,20230529064133
01,79210043797,20230514022201,20230514030504
02,79210043797,20230530005734,20230530015019
02,79210043797,20230511192732,20230511195830
01,79210043797,20230523032601,20230523042137
02,79210043797,20230515053508,20230515053740
02,79210043797,20230530111114,20230530115401
01,79210043797,20230527070136,20230527072513
02,79210043797,20230504102035,20230504111113
02,79210043797,20230518031533,20230518041301
02,79210043797,20230507011726,20230507012505
01,79210043797,20230515003431,20230515010858
02,79210043797,20230507061149,20230507071103
02,79210043797,20230515071915,20230515072344
02,79210043797,20230522210602,20230522211116
02,79210043797,20230513103509,20230513113123
02,79210043797,20230518173742,20230518180726
02,79210043797,20230529215021,20230529222511
01,79210043797,20230525084414,20230525090242
01,79210043797,20230523035506,20230523043557
02,79210043950,20230523193819,20230523201718
02,79210043950,20230504055120,20230504055503
02,79210043950,20230502160842,20230502165500
02,79210043950,20230528183702,20230528184418
02,79210043950,20230529224024,20230529232821
01,79210043950,20230507152402,20230507152949
01,79210043950,20230510121415,20230510121419
01,79210043950,20230505191559,20230505200248
01,79210043950,20230514155809,20230514160732
01,79210043950,20230519235321,20230520001904
02,79210043950,20230504122219,20230504123252
02,79210043950,20230522164514,20230522165715
01,79210043950,20230507071327,20230507081247
02,79210043950,20230501060644,20230501063024
01,79210043950,20230524042717,20230524051748
02,79210043950,20230527130429,20230527135443
01,79210043950,20230504164806,20230504174725
02,79210043950,20230529200349,20230529205538
01,79210043950,20230502005859,20230502013226
02,79210043950,20230527095055,20230527095347
02,79210043950,20230516123956,20230516125509
02,79210043950,20230507213131,20230507221037
01,79210043950,20230503032358,20230503040323
01,79210043950,20230527054604,20230527062905
02,79210043950,20230503151604,20230503161318
01,79210043950,20230517004358,20230517012527
02,79210043950,20230522170859,20230522175004
01,79210043950,20230527190149,20230527190938
02,79210043950,20230511053027,20230511055103
02,79210043950,20230503061252,20230503063511
02,79210043950,20230505112220,20230505121345
02,79210043950,20230508065945,20230508074005
02,79210043950,20230517065900,20230517071430
02,79210043950,20230517132511,20230517132618
01,79210043950,20230504111857,20230504115501
02,79210043950,20230517014835,20230517014936
01,79210043950,20230503221848,20230503224219
01,79210043950,20230512162634,20230512172526
02,79210043950,20230518055737,20230518055858
02,79210043950,20230516132312,20230516140826
02,79210043950,20230520011556,20230520011818
01,79210044062,20230501182703,20230501185811
01,79210044062,20230528125706,20230528130819
01,79210044062,20230508112140,20230508113619
02,79210044062,20230513043130,20230513045733
02,79210044062,20230503234147,20230504002252
01,79210044062,20230508224825,20230508233356
01,79210044062,20230503190337,20230503195221
02,79210044062,20230511165558,20230511170026
02,79210044062,20230517235120,20230518002807
01,79210044062,20230504222620,20230504231645
01,79210044062,20230522071456,20230522072151
02,79210044062,20230515001925,20230515004959
02,79210044062,20230516175448,20230516183204
02,79210044062,20230511091001,20230511094933
02,79210044062,20230503014045,20230503023004
02,79210044062,20230514173614,20230514180326
01,79210044062,20230527150541,20230527153159
02,79210044062,20230521135855,20230521143700
01,79210044062,20230526203321,20230526205639
01,79210044062,20230514011246,20230514020359
01,79210044062,20230514194410,20230514200013
01,79210044062,20230521021312,20230521030455
01,79210044062,20230523020006,20230523024720
01,79210044062,20230523011959,20230523020836
01,79210044062,20230504141605,20230504144204
02,79210044062,20230501044630,20230501045431
01,79210044062,20230521183543,20230521185935
02,79210044062,20230507133249,20230507140547
01,79210044062,20230519005320,20230519005734
02,79210044062,20230505085625,20230505092434
01,79210044062,20230501134203,20230501135444
01,79210044062,20230523030103,20230523030936
02,79210044062,20230525091310,20230525094326
02,79210044062,20230511104430,20230511114354
01,79210044062,20230501210713,20230501215344
02,79210044062,20230509082836,20230509090157
01,79210044062,20230512115235,20230512123214
01,79210044062,20230504093521,20230504094138
02,79210044062,20230512164522,20230512173746
02,79210044062,20230506143442,20230506153403
02,79210044062,20230505102508,20230505111932
01,79210044446,20230510102213,20230510110845
01,79210044446,20230508070851,20230508073205
01,79210044446,20230529095421,20230529104238
01,79210044446,20230512175532,20230512182702
01,79210044446,20230522005948,20230522015616
02,79210044446,20230530234840,20230531003231
02,79210044446,20230524091114,20230524100145
02,79210044446,20230510173825,20230510175321
02,79210044446,20230525201411,20230525210716
02,79210044446,20230523010530,20230523012521
01,79210044446,20230519111523,20230519112802
01,79210044446,20230513005710,20230513011100
01,79210044446,20230513094900,20230513095248
01,79210044446,20230527203729,20230527213533
02,79210044446,20230502175851,20230502185805
01,79210044446,20230527125759,20230527131318
02,79210044446,20230519081338,20230519090152
01,79210044446,20230505045919,20230505053448
02,79210044446,20230523080343,20230523085816
02,79210044446,20230512033642,20230512040612
02,79210044446,20230530180619,20230530183919
01,79210044446,20230528135746,20230528141858
01,79210044446,20230516004143,20230516012315
01,79210044446,20230514170425,20230514171840
01,79210044446,20230505110152,20230505111745
01,79210044446,20230515083700,20230515090639
01,79210044446,20230510064411,20230510071946
01,79210044446,20230509123942,20230509131923
01,79210044446,20230513184651,20230513193800
01,79210044446,20230512180906,20230512183048
02,79210044446,20230522145121,20230522152921
01,79210044446,20230524155127,20230524160013
02,79210044446,20230506141842,20230506151159
02,79210044446,20230510212758,20230510214630
01,79210044446,20230504213544,20230504215547
01,79210044446,20230504170743,20230504180458
02,79210044446,20230506125503,20230506132408
02,79210044446,20230526204119,20230526210010
02,79210044446,20230515183945,20230515184022
02,79210044446,20230503095305,20230503103912
02,79210044446,20230526120321,20230526120823
01,79210044517,20230520151147,20230520160317
01,79210044517,20230523210430,20230523220021
01,79210044517,20230529175340,20230529185214
02,79210044517,20230503031734,20230503032332
02,79210044517,20230514074326,20230514075244
02,79210044517,20230530082301,20230530084028
02,79210044517,20230504203129,20230504212748
01,79210044517,20230516035428,20230516043054
01,79210044517,20230530001054,20230530002650
02,79210044517,20230523114510,20230523123302
01,79210044517,20230529214434,20230529220517
01,79210044517,20230509141350,20230509151004
01,79210044517,20230508025247,20230508035125
02,79210044517,20230510042719,20230510052330
02,79210044517,20230522050210,20230522053039
02,79210044517,20230514175247,20230514184839
02,79210044517,20230518182250,20230518191330
01,79210044517,20230522192806,20230522193725
02,79210044517,20230525083822,20230525092945
02,79210044517,20230530121249,20230530123500
01,79210044517,20230507104031,20230507112838
02,79210044517,20230506204400,20230506213050
01,79210044517,20230506122402,20230506123921
02,79210044517,20230514073536,20230514074244
01,79210044517,20230507194516,20230507194730
02,79210044517,20230521223815,20230521224038
01,79210044517,20230503075126,20230503083509
02,79210044517,20230519083610,20230519091812
02,79210044517,20230530110420,20230530111505
01,79210044517,20230513095834,20230513101254
02,79210044517,20230502045918,20230502054112
01,79210044517,20230520160623,20230520165818
02,79210044517,20230521080924,20230521084547
02,79210044517,20230508123716,20230508133300
01,79210044517,20230527101833,20230527110018
01,79210044517,20230502051135,20230502053106
02,79210044517,20230525085809,20230525095349
01,79210044517,20230507121904,20230507131721
02,79210044517,20230529014646,20230529024321
01,79210044517,20230501174920,20230501183534
02,79210044517,20230526035320,20230526041948
02,79210044590,20230528010426,20230528015754
02,79210044590,20230517022506,20230517030524
02,79210044590,20230503010451,20230503011918
02,79210044590,20230521154608,20230521161103
02,79210044590,20230518043832,20230518045834
02,79210044590,20230502092210,20230502093447
02,79210044590,20230508093643,20230508101517
02,79210044590,20230503141334,20230503145843
01,79210044590,20230521110220,20230521110447
01,79210044590,20230523172858,20230523182644
01,79210044590,20230524122000,20230524123839
01,79210044590,20230524153703,20230524154649
02,79210044590,20230528051343,20230528061242
02,79210044590,20230527215700,20230527215949
01,79210044590,20230503090050,20230503094426
02,79210044590,20230515143746,20230515144105
01,79210044590,20230522091116,20230522093849
01,79210044590,20230507223644,20230507231051
01,79210044590,20230525001136,20230525010237
01,79210044590,20230515180420,20230515182804
01,79210044590,20230529160809,20230529170042
02,79210044590,20230520135848,20230520142739
02,79210044590,20230515200629,20230515203002
02,79210044590,20230523105330,20230523105518
02,79210044590,20230506041203,20230506042833
02,79210044590,20230518150159,20230518155402
02,79210044590,20230528104551,20230528113752
02,79210044590,20230515034526,20230515042404
01,79210044590,20230523173756,20230523174348
02,79210044590,20230518081922,20230518091000
02,79210044590,20230526145531,20230526152828
02,79210044590,20230523105238,20230523112532
02,79210044590,20230508080323,20230508080326
02,79210044590,20230510210716,20230510220638
02,79210044590,20230527144642,20230527153952
02,79210044590,20230518172314,20230518180213
01,79210044590,20230505025942,20230505032254
01,79210044590,20230512102145,20230512103922
01,79210044590,20230508162929,20230508165436
02,79210044590,20230508173621,20230508182017
01,79210044590,20230521025239,20230521033102
01,79210045430,20230513135902,20230513145411
02,79210045430,20230513211131,20230513212644
02,79210045430,20230524033323,20230524034601
02,79210045430,20230517045133,20230517051228
01,79210045430,20230509043615,20230509053432
02,79210045430,20230516002524,20230516003554
02,79210045430,20230529195910,20230529201631
02,79210045430,20230529024732,20230529025810
02,79210045430,20230505022109,20230505031403
02,79210045430,20230519014431,20230519014500
02,79210045430,20230501195003,20230501201912
01,79210045430,20230512054336,20230512063027
02,79210045430,20230503095642,20230503101938
02,79210045430,20230510201214,20230510210905
01,79210045430,20230521165816,20230521173627
02,79210045430,20230523094444,20230523095553
02,79210045430,20230524043044,20230524043711
01,79210045430,20230519143617,20230519144836
02,79210045430,20230502201220,20230502203232
02,79210045430,20230518015403,20230518022614
01,79210045430,20230507123315,20230507130025
01,79210045430,20230511073248,20230511080744
02,79210045430,20230512004459,20230512010716
02,79210045430,20230515182609,20230515192513
01,79210045430,20230504045431,20230504052730
02,79210045430,20230516184539,20230516190124
01,79210045430,20230506201253,20230506205623
01,79210045430,20230504215308,20230504222058
02,79210045430,20230529193246,20230529194117
01,79210045430,20230522085651,20230522095253
02,79210045430,20230506134646,20230506141812
01,79210045430,20230510194950,20230510203215
02,79210045430,20230501223714,20230501230427
02,79210045430,20230516045008,20230516045129
01,79210045430,20230523113143,20230523120136
01,79210045430,20230526054210,20230526060519
01,79210045430,20230504003640,20230504011219
02,79210045430,20230522011514,20230522012623
01,79210045430,20230505131140,20230505134122
02,79210045430,20230512204827,20230512214431
02,79210045430,20230507222441,20230507225042
02,79210043257,20230529151101,20230529152815
01,79210043257,20230507182557,20230507190519
02,79210043257,20230519041328,20230519044108
02,79210043257,20230521194126,20230521201353
02,79210043257,20230501123034,20230501131424
01,79210043257,20230525064051,20230525064055
01,79210043257,20230505142123,20230505142909
01,79210043257,20230514120406,20230514123011
01,79210043257,20230508221751,20230508230611
02,79210043257,20230512144057,20230512150308
02,79210043257,20230511103014,20230511105302
02,79210043257,20230504015619,20230504024304
01,79210043257,20230512222659,20230512230438
01,79210043257,20230509164732,20230509173511
02,79210043257,20230517044916,20230517045928
01,79210043257,20230524173327,20230524174817
01,79210043257,20230508003153,20230508010333
01,79210043257,20230511113741,20230511122350
01,79210043257,20230514060626,20230514065926
01,79210043257,20230521092030,20230521092038
02,79210043257,20230528232040,20230529001528
01,79210043257,20230509071505,20230509074839
02,79210043257,20230512203341,20230512205952
02,79210043257,20230526170726,20230526172643
01,79210043257,20230520214713,20230520224448
01,79210043257,20230506100039,20230506104425
02,79210043257,20230528215827,20230528224521
01,79210043257,20230502102614,20230502111429
01,79210043257,20230507142629,20230507143358
01,79210043257,20230521161746,20230521163948
01,79210043257,20230515044829,20230515050430
01,79210043257,20230528071504,20230528074331
01,79210043257,20230519211923,20230519221119
02,79210043257,20230501202602,20230501205651
02,79210043257,20230501235056,20230502001610
02,79210043257,20230508070317,20230508070559
02,79210043257,20230524003509,20230524005547
01,79210043257,20230513083002,20230513090707
02,79210043257,20230521085537,20230521092025
02,79210043257,20230504134811,20230504144705
02,79210043257,20230506223451,20230506224945
